
Iteracion no.:9

x	 y	 z

2675340214272.000000	 144965877760.000000	 461158187008.000000

4670935552.000000	 62450176000.000000	 51593080832.000000

2609861632.000000	 4010351616.000000	 9290638336.000000

1135979008.000000	 3075608064.000000	 5819504640.000000

3744593408.000000	 1283670016.000000	 3047524864.000000

1083135488.000000	 2423156736.000000	 4228998656.000000

710213504.000000	 569028480.000000	 1261499392.000000

234315984.000000	 288803264.000000	 698782272.000000

662965.000000	 556982.187500	 239010.859375

