Iteracion no.:1
x	 y	 z
3138811904.000000	 170079568.000000	 541048448.000000
5453548.500000	 72911520.000000	 60235664.000000
2986799.000000	 4589797.500000	 10633369.000000
1241330.750000	 3361063.250000	 6359813.500000
3748938.000000	 1284970.375000	 3051020.000000
928953.375000	 2078321.875000	 3627574.000000
462679.468750	 370670.937500	 821805.250000
86758.625000	 106847.023438	 258352.875000
498.835754	 352.112335	 146.498077
Iteracion no.:2
x	 y	 z
27464396800.000000	 1488184704.000000	 4734138880.000000
47925200.000000	 640748032.000000	 529352480.000000
26717188.000000	 41054872.000000	 95111456.000000
11571149.000000	 31328560.000000	 59278816.000000
37806824.000000	 12959756.000000	 30768790.000000
10783231.000000	 24122714.000000	 42104064.000000
6929484.500000	 5551933.500000	 12308592.000000
2222602.500000	 2739459.750000	 6628669.000000
6362.576660	 5170.451660	 2184.038574
Iteracion no.:3
x	 y	 z
95409692672.000000	 5169865728.000000	 16446119936.000000
166554224.000000	 2226801920.000000	 1839667200.000000
93000736.000000	 142908032.000000	 331071936.000000
40424276.000000	 109446048.000000	 207089024.000000
132929864.000000	 45567928.000000	 108184088.000000
38303864.000000	 85689968.000000	 149557360.000000
24983886.000000	 20017298.000000	 44377560.000000
8183208.500000	 10086219.000000	 24405158.000000
23082.861328	 19078.062500	 8112.392578
Iteracion no.:4
x	 y	 z
229407637504.000000	 12430673920.000000	 39543836672.000000
400506752.000000	 5354724352.000000	 4423793664.000000
223722160.000000	 343777440.000000	 796419584.000000
97326424.000000	 263504784.000000	 498591168.000000
320520768.000000	 109874816.000000	 260853968.000000
92575056.000000	 207104640.000000	 361455520.000000
60582380.000000	 48539136.000000	 107608752.000000
19933742.000000	 24569264.000000	 59448328.000000
56233.156250	 46789.917969	 19964.160156
Iteracion no.:5
x	 y	 z
451891200000.000000	 24486156288.000000	 77894139904.000000
788948992.000000	 10548167680.000000	 8714345472.000000
440766272.000000	 677291136.000000	 1569058944.000000
191803456.000000	 519295936.000000	 982585664.000000
631982272.000000	 216645584.000000	 514335584.000000
182680960.000000	 408687584.000000	 713266560.000000
119681464.000000	 95889816.000000	 212582192.000000
39439368.000000	 48610720.000000	 117618696.000000
111374.906250	 93010.828125	 39767.371094
Iteracion no.:6
x	 y	 z
785293246464.000000	 42551861248.000000	 135363878912.000000
1371046912.000000	 18330783744.000000	 15143934976.000000
766017664.000000	 1177077248.000000	 2726895872.000000
333381344.000000	 902610624.000000	 1707873792.000000
1098717056.000000	 376645248.000000	 894186176.000000
317705728.000000	 710761472.000000	 1240458624.000000
208237632.000000	 166841728.000000	 369877952.000000
68665240.000000	 84632736.000000	 204776784.000000
194064.812500	 162441.765625	 69548.312500
Iteracion no.:7
x	 y	 z
1252046798848.000000	 67843350528.000000	 215819943936.000000
2185966336.000000	 29226223616.000000	 24145178624.000000
1221361024.000000	 1876763648.000000	 4347834880.000000
531585952.000000	 1439240192.000000	 2723256320.000000
1752128768.000000	 600639168.000000	 1425963520.000000
506733568.000000	 1133648896.000000	 1978499328.000000
332207360.000000	 266167200.000000	 590076096.000000
109576520.000000	 135057408.000000	 326783104.000000
309857.562500	 259781.875000	 111332.500000
Iteracion no.:8
x	 y	 z
1874584797184.000000	 101576171520.000000	 323129114624.000000
3272873984.000000	 43758133248.000000	 36150689792.000000
1828680576.000000	 2809979136.000000	 6509781504.000000
795943232.000000	 2154976256.000000	 4077533184.000000
2623620096.000000	 899392320.000000	 2135223552.000000
758848768.000000	 1697673216.000000	 2962856704.000000
497547040.000000	 398638656.000000	 883756672.000000
164138384.000000	 202306848.000000	 489498176.000000
464306.656250	 389729.437500	 167145.062500
Iteracion no.:9
x	 y	 z
2675340214272.000000	 144965877760.000000	 461158187008.000000
4670935552.000000	 62450176000.000000	 51593080832.000000
2609861632.000000	 4010351616.000000	 9290638336.000000
1135979008.000000	 3075608064.000000	 5819504640.000000
3744593408.000000	 1283670016.000000	 3047524864.000000
1083135488.000000	 2423156736.000000	 4228998656.000000
710213504.000000	 569028480.000000	 1261499392.000000
234315984.000000	 288803264.000000	 698782272.000000
662965.000000	 556982.187500	 239010.859375
Iteracion no.:10
x	 y	 z
3676745760768.000000	 199228014592.000000	 633774080000.000000
6419315712.000000	 85825994752.000000	 70904963072.000000
3586787072.000000	 5511507456.000000	 12768310272.000000
1561219072.000000	 4226929152.000000	 7997972992.000000
5146451456.000000	 1764236544.000000	 4188423424.000000
1488678016.000000	 3330421504.000000	 5812393472.000000
976162880.000000	 782109056.000000	 1733884288.000000
322074368.000000	 396968672.000000	 960496000.000000
911385.312500	 766237.812500	 328954.656250
Iteracion no.:11
x	 y	 z
4901235064832.000000	 265578135552.000000	 844843712512.000000
8557181440.000000	 114409242624.000000	 94518960128.000000
4781343232.000000	 7347076608.000000	 17020704768.000000
2081189504.000000	 5634731008.000000	 10661737472.000000
6860597760.000000	 2351858176.000000	 5583476224.000000
1984560128.000000	 4439790592.000000	 7748509184.000000
1301351424.000000	 1042652672.000000	 2311491328.000000
429378720.000000	 529225184.000000	 1280499840.000000
1215119.750000	 1022193.437500	 439001.062500
Iteracion no.:12
x	 y	 z
6371240050688.000000	 345231753216.000000	 1098233872384.000000
11123704832.000000	 148723580928.000000	 122867671040.000000
6215414272.000000	 9550688256.000000	 22125725696.000000
2705416704.000000	 7324804608.000000	 13859599360.000000
8918434816.000000	 3057299200.000000	 7258241536.000000
2579865344.000000	 5771587072.000000	 10072813568.000000
1691735552.000000	 1355431552.000000	 3004900864.000000
558194368.000000	 687995008.000000	 1664654720.000000
1579720.625000	 1329546.250000	 571174.812500
Iteracion no.:13
x	 y	 z
8109195001856.000000	 439404462080.000000	 1397811445760.000000
14158046208.000000	 189292658688.000000	 156383707136.000000
7910885888.000000	 12155971584.000000	 28161277952.000000
3443425536.000000	 9322940416.000000	 17640359936.000000
11351365632.000000	 3891325696.000000	 9238276096.000000
3283678720.000000	 7346133504.000000	 12820774912.000000
2153272832.000000	 1725218176.000000	 3824693248.000000
710486016.000000	 875700096.000000	 2118820480.000000
2010739.500000	 1692993.375000	 727500.375000
Iteracion no.:14
x	 y	 z
10137530007552.000000	 549311774720.000000	 1747443384320.000000
17699366912.000000	 236640092160.000000	 195499720704.000000
9889638400.000000	 15196553216.000000	 35205267456.000000
4304741888.000000	 11654930432.000000	 22052818944.000000
14190790656.000000	 4864701440.000000	 11549135872.000000
4105084672.000000	 9183751168.000000	 16027859968.000000
2691918336.000000	 2156784640.000000	 4781447680.000000
888219520.000000	 1094762624.000000	 2648858112.000000
2513729.000000	 2117232.250000	 910002.187500
Iteracion no.:15
x	 y	 z
12478681448448.000000	 676169252864.000000	 2150996115456.000000
21786834944.000000	 291289595904.000000	 240648273920.000000
12173557760.000000	 18706061312.000000	 43335598080.000000
5298892288.000000	 14346565632.000000	 27145779200.000000
17468114944.000000	 5988191744.000000	 14216377344.000000
5053166592.000000	 11304765440.000000	 19729537024.000000
3313629184.000000	 2654905088.000000	 5885744128.000000
1093359744.000000	 1347605248.000000	 3260627456.000000
3094240.250000	 2606959.250000	 1120704.875000
Iteracion no.:16
x	 y	 z
15155081510912.000000	 821192491008.000000	 2612337049600.000000
26459625472.000000	 353764737024.000000	 292261986304.000000
14784533504.000000	 22718124032.000000	 52630167552.000000
6435401216.000000	 17423636480.000000	 32968040448.000000
21214740480.000000	 7272563200.000000	 17265559552.000000
6137007104.000000	 13729495040.000000	 23961274368.000000
4024362240.000000	 3224349952.000000	 7148164096.000000
1327871616.000000	 1636649856.000000	 3959989760.000000
3757826.000000	 3166871.000000	 1361633.000000
Iteracion no.:17
x	 y	 z
18189159235584.000000	 985596952576.000000	 3135332679680.000000
31756908544.000000	 424589230080.000000	 350773542912.000000
17744445440.000000	 27266369536.000000	 63166885888.000000
7723795456.000000	 20911935488.000000	 39568404480.000000
25462071296.000000	 8728580096.000000	 20722239488.000000
7365693440.000000	 16478266368.000000	 28758540288.000000
4830072832.000000	 3869892096.000000	 8579286016.000000
1593720448.000000	 1964318336.000000	 4752805376.000000
4510037.000000	 3801664.750000	 1634810.875000
Iteracion no.:18
x	 y	 z
21603354148864.000000	 1170598264832.000000	 3723850153984.000000
37717827584.000000	 504286707712.000000	 416615497728.000000
21075191808.000000	 32384423936.000000	 75023671296.000000
9173603328.000000	 24837251072.000000	 46995664896.000000
30241509376.000000	 10367010816.000000	 24611973120.000000
8748306432.000000	 19571402752.000000	 34156802048.000000
5736718336.000000	 4596302848.000000	 10189690880.000000
1892871296.000000	 2333031936.000000	 5644934656.000000
5356426.500000	 4516037.500000	 1942263.000000
Iteracion no.:19
x	 y	 z
25420095291392.000000	 1377412186112.000000	 4381756096512.000000
44381552640.000000	 593380769792.000000	 490220421120.000000
24798642176.000000	 38105915392.000000	 88278409216.000000
10794350592.000000	 29225373696.000000	 55298625536.000000
35584454656.000000	 12198618112.000000	 28960319488.000000
10293937152.000000	 23029225472.000000	 40191533056.000000
6750255104.000000	 5408353280.000000	 11989957632.000000
2227289344.000000	 2745213440.000000	 6642237952.000000
6302544.500000	 5314685.500000	 2286013.500000
