 -4.746925	 -1.551211	 -0.537263	 1725.959639	 553.842791	 190.991216
 9.751136	 3.101069	 1.067063	 3411.424787	 1104.622811	 381.754304
 38.407103	 12.379900	 4.273799	 2638.264752	 858.741460	 297.147687
 60.568526	 19.593328	 6.769840	 2577.576083	 839.179463	 290.394478
 82.220164	 26.642435	 9.209153	 2553.188006	 831.290157	 287.668584
 103.666943	 33.625272	 11.625569	 2539.979831	 827.010210	 286.189189
 125.002773	 40.572158	 14.029558	 2531.685042	 824.319724	 285.258983
 146.268926	 47.496443	 16.425734	 2525.987362	 822.470427	 284.619509
 167.487219	 54.405195	 18.816538	 2521.830102	 821.120482	 284.152657
 188.670592	 61.302606	 21.203420	 2518.661921	 820.091355	 283.796724
 209.827351	 68.191374	 23.587312	 2516.166800	 819.280644	 283.516314
 230.963151	 75.073331	 25.968849	 2514.150523	 818.625378	 283.289658
 252.082015	 81.949784	 28.348482	 2512.487110	 818.084695	 283.102629
 273.186906	 88.821695	 30.726544	 2511.091252	 817.630913	 282.945654
 294.280072	 95.689794	 33.103288	 2509.903113	 817.244611	 282.812019
 315.363257	 102.554649	 35.478908	 2508.879477	 816.911760	 282.696871
 336.437844	 109.416707	 37.853562	 2507.988349	 816.621969	 282.596618
 357.504945	 116.276332	 40.227374	 2507.205533	 816.367381	 282.508541
 378.565471	 123.133817	 42.600445	 2506.512391	 816.141941	 282.430547
 399.620174	 129.989409	 44.972862	 2505.894331	 815.940908	 282.360996
 420.669686	 136.843313	 47.344694	 2505.339767	 815.760518	 282.298586
 441.714539	 143.695701	 49.716002	 2504.839383	 815.597744	 282.242269
 462.755189	 150.546722	 52.086837	 2504.385601	 815.450122	 282.191195
 483.792028	 157.396503	 54.457243	 2503.972194	 815.315630	 282.144663
 504.825393	 164.245154	 56.827258	 2503.593997	 815.192588	 282.102092
 525.855582	 171.092771	 59.196916	 2503.246693	 815.079592	 282.062996
 546.882854	 177.939439	 61.566245	 2502.926641	 814.975460	 282.026967
 567.907437	 184.785233	 63.935271	 2502.630752	 814.879186	 281.993657
 588.929534	 191.630218	 66.304018	 2502.356387	 814.789914	 281.962769
 609.949327	 198.474453	 68.672505	 2502.101278	 814.706904	 281.934048
 630.966977	 205.317991	 71.040751	 2501.863465	 814.629521	 281.907273
 651.982629	 212.160878	 73.408772	 2501.641246	 814.557211	 281.882253
 672.996415	 219.003159	 75.776583	 2501.433133	 814.489489	 281.858821
 694.008453	 225.844870	 78.144197	 2501.237825	 814.425933	 281.836830
 715.018850	 232.686048	 80.511626	 2501.054174	 814.366169	 281.816152
 736.027704	 239.526723	 82.878882	 2500.881166	 814.309867	 281.796671
 757.035105	 246.366926	 85.245974	 2500.717900	 814.256736	 281.778287
 778.041135	 253.206682	 87.612911	 2500.563577	 814.206513	 281.760909
 799.045868	 260.046017	 89.979703	 2500.417481	 814.158967	 281.744458
 820.049374	 266.884952	 92.346356	 2500.278970	 814.113890	 281.728860
 841.051717	 273.723508	 94.712878	 2500.147469	 814.071092	 281.714052
 862.052955	 280.561705	 97.079276	 2500.022457	 814.030407	 281.699974
 883.053143	 287.399560	 99.445556	 2499.903466	 813.991681	 281.686574
 904.052331	 294.237090	 101.811723	 2499.790072	 813.954775	 281.673804
 925.050567	 301.074310	 104.177783	 2499.681887	 813.919565	 281.661620
 946.047894	 307.911234	 106.543740	 2499.578561	 813.885935	 281.649984
 967.044353	 314.747876	 108.909600	 2499.479774	 813.853783	 281.638858
 988.039982	 321.584247	 111.275367	 2499.385232	 813.823012	 281.628211
 1009.034818	 328.420361	 113.641043	 2499.294668	 813.793536	 281.618012
 1030.028892	 335.256226	 116.006635	 2499.207835	 813.765273	 281.608232
 1051.022237	 342.091854	 118.372144	 2499.124509	 813.738152	 281.598847
 1072.014882	 348.927254	 120.737574	 2499.044479	 813.712104	 281.589834
 1093.006855	 355.762436	 123.102928	 2498.967555	 813.687066	 281.581170
 1113.998182	 362.597407	 125.468210	 2498.893559	 813.662981	 281.572836
 1134.988887	 369.432176	 127.833422	 2498.822327	 813.639795	 281.564814
 1155.978994	 376.266750	 130.198566	 2498.753706	 813.617460	 281.557085
 1176.968524	 383.101136	 132.563646	 2498.687556	 813.595928	 281.549634
 1197.957499	 389.935342	 134.928663	 2498.623746	 813.575158	 281.542447
 1218.945938	 396.769373	 137.293619	 2498.562153	 813.555110	 281.535510
 1239.933859	 403.603235	 139.658517	 2498.502664	 813.535746	 281.528810
 1260.921281	 410.436935	 142.023359	 2498.445173	 813.517032	 281.522334
 1281.908219	 417.270478	 144.388147	 2498.389580	 813.498936	 281.516072
 1302.894691	 424.103869	 146.752882	 2498.335794	 813.481429	 281.510014
 1323.880711	 430.937113	 149.117566	 2498.283727	 813.464480	 281.504150
 1344.866294	 437.770214	 151.482200	 2498.233299	 813.448066	 281.498470
 1365.851452	 444.603178	 153.846787	 2498.184433	 813.432159	 281.492965
 1386.836201	 451.436008	 156.211328	 2498.137058	 813.416738	 281.487629
 1407.820552	 458.268708	 158.575824	 2498.091106	 813.401780	 281.482453
 1428.804516	 465.101283	 160.940277	 2498.046514	 813.387264	 281.477430
 1449.788106	 471.933735	 163.304687	 2498.003223	 813.373172	 281.472554
 1470.771332	 478.766070	 165.669057	 2497.961177	 813.359485	 281.467818
 1491.754205	 485.598289	 168.033386	 2497.920322	 813.346186	 281.463216
 1512.736735	 492.430397	 170.397677	 2497.880609	 813.333259	 281.458743
 1533.718932	 499.262396	 172.761930	 2497.841990	 813.320688	 281.454393
 1554.700804	 506.094290	 175.126147	 2497.804421	 813.308458	 281.450161
 1575.682360	 512.926080	 177.490328	 2497.767860	 813.296557	 281.446042
 1596.663609	 519.757771	 179.854475	 2497.732267	 813.284970	 281.442033
 1617.644560	 526.589365	 182.218588	 2497.697603	 813.273686	 281.438128
 1638.625219	 533.420863	 184.582668	 2497.663833	 813.262693	 281.434324
 1659.605594	 540.252270	 186.946717	 2497.630922	 813.251979	 281.430617
 1680.585693	 547.083586	 189.310734	 2497.598838	 813.241535	 281.427003
 1701.565523	 553.914815	 191.674720	 2497.567551	 813.231350	 281.423479
 1722.545089	 560.745958	 194.038678	 2497.537031	 813.221415	 281.420041
 1743.524400	 567.577018	 196.402606	 2497.507250	 813.211720	 281.416686
 1764.503460	 574.407996	 198.766506	 2497.478181	 813.202257	 281.413412
 1785.482276	 581.238895	 201.130378	 2497.449800	 813.193018	 281.410214
 1806.460853	 588.069716	 203.494224	 2497.422083	 813.183995	 281.407092
 1827.439198	 594.900461	 205.858044	 2497.395005	 813.175180	 281.404042
 1848.417316	 601.731132	 208.221838	 2497.368546	 813.166567	 281.401061
 1869.395211	 608.561731	 210.585606	 2497.342684	 813.158148	 281.398148
 1890.372888	 615.392259	 212.949351	 2497.317399	 813.149917	 281.395300
 1911.350354	 622.222718	 215.313071	 2497.292673	 813.141867	 281.392514
 1932.327611	 629.053110	 217.676768	 2497.268487	 813.133994	 281.389790
 1953.304666	 635.883435	 220.040442	 2497.244823	 813.126290	 281.387124
 1974.281522	 642.713696	 222.404094	 2497.221665	 813.118751	 281.384515
 1995.258183	 649.543893	 224.767724	 2497.198996	 813.111372	 281.381962
 2016.234654	 656.374028	 227.131332	 2497.176802	 813.104146	 281.379461
 2037.210938	 663.204103	 229.494920	 2497.155067	 813.097071	 281.377013
 2058.187040	 670.034118	 231.858487	 2497.133778	 813.090140	 281.374615
 2079.162963	 676.864075	 234.222033	 2497.112920	 813.083350	 281.372265
 2100.138711	 683.693975	 236.585560	 2497.092482	 813.076696	 281.369963
 2121.114287	 690.523819	 238.949068	 2497.072449	 813.070175	 281.367706
 2142.089695	 697.353608	 241.312556	 2497.052812	 813.063782	 281.365494
 2163.064938	 704.183344	 243.676027	 2497.033556	 813.057513	 281.363325
 2184.040019	 711.013027	 246.039478	 2497.014673	 813.051366	 281.361197
 2205.014941	 717.842658	 248.402912	 2496.996151	 813.045336	 281.359111
 2225.989708	 724.672238	 250.766329	 2496.977979	 813.039420	 281.357064
 2246.964322	 731.501769	 253.129728	 2496.960149	 813.033616	 281.355055
 2267.938787	 738.331251	 255.493110	 2496.942650	 813.027919	 281.353084
 2288.913104	 745.160686	 257.856476	 2496.925473	 813.022327	 281.351148
 2309.887278	 751.990073	 260.219826	 2496.908609	 813.016837	 281.349249
 2330.861309	 758.819414	 262.583159	 2496.892051	 813.011446	 281.347383
 2351.835202	 765.648710	 264.946477	 2496.875789	 813.006152	 281.345551
 2372.808958	 772.477961	 267.309780	 2496.859816	 813.000952	 281.343752
 2393.782579	 779.307169	 269.673067	 2496.844124	 812.995843	 281.341984
 2414.756069	 786.136334	 272.036340	 2496.828706	 812.990824	 281.340247
 2435.729430	 792.965457	 274.399598	 2496.813555	 812.985892	 281.338540
 2456.702663	 799.794538	 276.762842	 2496.798664	 812.981044	 281.336863
 2477.675771	 806.623578	 279.126071	 2496.784026	 812.976278	 281.335214
 2498.648756	 813.452579	 281.489287	 2496.769634	 812.971593	 281.333592
 2519.621620	 820.281540	 283.852489	 2496.755484	 812.966986	 281.331998
 2540.594365	 827.110463	 286.215678	 2496.741568	 812.962456	 281.330431
 2561.566994	 833.939347	 288.578853	 2496.727881	 812.958000	 281.328889
 2582.539507	 840.768194	 290.942016	 2496.714417	 812.953616	 281.327372
 2603.511907	 847.597004	 293.305166	 2496.701171	 812.949304	 281.325880
 2624.484197	 854.425778	 295.668303	 2496.688137	 812.945061	 281.324411
 2645.456376	 861.254516	 298.031428	 2496.675312	 812.940885	 281.322966
 2666.428448	 868.083219	 300.394541	 2496.662688	 812.936776	 281.321544
 2687.400414	 874.911888	 302.757642	 2496.650263	 812.932730	 281.320144
 2708.372275	 881.740523	 305.120731	 2496.638031	 812.928748	 281.318766
 2729.344034	 888.569124	 307.483808	 2496.625987	 812.924827	 281.317409
 2750.315692	 895.397692	 309.846874	 2496.614128	 812.920966	 281.316073
 2771.287250	 902.226228	 312.209929	 2496.602449	 812.917164	 281.314758
 2792.258709	 909.054732	 314.572973	 2496.590946	 812.913419	 281.313462
 2813.230073	 915.883205	 316.936006	 2496.579616	 812.909730	 281.312185
 2834.201341	 922.711646	 319.299028	 2496.568453	 812.906096	 281.310928
 2855.172515	 929.540057	 321.662040	 2496.557456	 812.902516	 281.309689
 2876.143597	 936.368438	 324.025041	 2496.546619	 812.898988	 281.308468
 2897.114588	 943.196789	 326.388033	 2496.535940	 812.895511	 281.307265
 2918.085489	 950.025111	 328.751013	 2496.525415	 812.892085	 281.306079
 2939.056301	 956.853404	 331.113984	 2496.515041	 812.888707	 281.304910
 2960.027027	 963.681669	 333.476946	 2496.504814	 812.885378	 281.303758
 2980.997667	 970.509906	 335.839897	 2496.494732	 812.882095	 281.302622
 3001.968222	 977.338116	 338.202839	 2496.484791	 812.878859	 281.301502
 3022.938693	 984.166298	 340.565772	 2496.474988	 812.875667	 281.300398
 3043.909082	 990.994453	 342.928695	 2496.465321	 812.872520	 281.299309
 3064.879390	 997.822582	 345.291609	 2496.455787	 812.869416	 281.298235
 3085.849618	 1004.650685	 347.654514	 2496.446383	 812.866354	 281.297175
 3106.819767	 1011.478762	 350.017410	 2496.437106	 812.863334	 281.296130
 3127.789838	 1018.306814	 352.380298	 2496.427954	 812.860355	 281.295099
 3148.759832	 1025.134841	 354.743176	 2496.418924	 812.857415	 281.294082
 3169.729750	 1031.962843	 357.106047	 2496.410015	 812.854514	 281.293078
 3190.699594	 1038.790820	 359.468908	 2496.401223	 812.851652	 281.292088
 3211.669363	 1045.618774	 361.831762	 2496.392546	 812.848827	 281.291110
 3232.639060	 1052.446704	 364.194607	 2496.383982	 812.846039	 281.290145
 3253.608685	 1059.274610	 366.557444	 2496.375528	 812.843287	 281.289193
 3274.578238	 1066.102494	 368.920273	 2496.367184	 812.840570	 281.288253
 3295.547722	 1072.930354	 371.283095	 2496.358946	 812.837888	 281.287325
 3316.517136	 1079.758192	 373.645908	 2496.350812	 812.835240	 281.286408
 3337.486482	 1086.586008	 376.008714	 2496.342781	 812.832625	 281.285503
 3358.455761	 1093.413802	 378.371512	 2496.334851	 812.830043	 281.284610
 3379.424973	 1100.241574	 380.734303	 2496.327019	 812.827493	 281.283728
 3400.394119	 1107.069325	 383.097086	 2496.319284	 812.824975	 281.282856
 3421.363200	 1113.897054	 385.459862	 2496.311645	 812.822488	 281.281996
 3442.332217	 1120.724763	 387.822630	 2496.304099	 812.820031	 281.281145
 3463.301171	 1127.552451	 390.185392	 2496.296644	 812.817604	 281.280306
 3484.270062	 1134.380119	 392.548146	 2496.289279	 812.815206	 281.279476
 3505.238891	 1141.207766	 394.910894	 2496.282003	 812.812838	 281.278656
 3526.207659	 1148.035394	 397.273634	 2496.274814	 812.810497	 281.277846
 3547.176367	 1154.863002	 399.636368	 2496.267710	 812.808184	 281.277046
 3568.145015	 1161.690590	 401.999095	 2496.260689	 812.805898	 281.276255
 3589.113604	 1168.518159	 404.361816	 2496.253751	 812.803640	 281.275473
 3610.082135	 1175.345710	 406.724530	 2496.246894	 812.801407	 281.274701
 3631.050608	 1182.173241	 409.087237	 2496.240116	 812.799200	 281.273937
 3652.019024	 1189.000754	 411.449938	 2496.233417	 812.797019	 281.273182
 3672.987384	 1195.828249	 413.812633	 2496.226794	 812.794863	 281.272436
 3693.955689	 1202.655726	 416.175321	 2496.220246	 812.792731	 281.271698
 3714.923938	 1209.483184	 418.538003	 2496.213773	 812.790624	 281.270969
 3735.892133	 1216.310625	 420.900679	 2496.207372	 812.788540	 281.270248
 3756.860274	 1223.138049	 423.263349	 2496.201043	 812.786479	 281.269535
 3777.828362	 1229.965455	 425.626013	 2496.194785	 812.784442	 281.268830
 3798.796398	 1236.792844	 427.988671	 2496.188596	 812.782427	 281.268132
 3819.764381	 1243.620216	 430.351324	 2496.182475	 812.780434	 281.267443
 3840.732313	 1250.447572	 432.713970	 2496.176421	 812.778463	 281.266761
 3861.700194	 1257.274910	 435.076611	 2496.170433	 812.776513	 281.266086
 3882.668025	 1264.102233	 437.439246	 2496.164510	 812.774585	 281.265419
 3903.635806	 1270.929539	 439.801875	 2496.158650	 812.772677	 281.264759
 3924.603538	 1277.756829	 442.164499	 2496.152854	 812.770790	 281.264106
 3945.571221	 1284.584104	 444.527118	 2496.147119	 812.768923	 281.263459
 3966.538856	 1291.411363	 446.889731	 2496.141445	 812.767075	 281.262820
 3987.506444	 1298.238606	 449.252338	 2496.135831	 812.765248	 281.262188
 4008.473984	 1305.065834	 451.614940	 2496.130276	 812.763439	 281.261562
 4029.441478	 1311.893046	 453.977538	 2496.124778	 812.761649	 281.260942
 4050.408925	 1318.720244	 456.340129	 2496.119338	 812.759878	 281.260330
 4071.376327	 1325.547427	 458.702716	 2496.113954	 812.758125	 281.259723
 4092.343683	 1332.374595	 461.065298	 2496.108625	 812.756390	 281.259123
 4113.310995	 1339.201748	 463.427874	 2496.103351	 812.754673	 281.258528
 4134.278262	 1346.028887	 465.790446	 2496.098131	 812.752973	 281.257940
 4155.245486	 1352.856012	 468.153012	 2496.092963	 812.751291	 281.257358
 4176.212666	 1359.683122	 470.515574	 2496.087847	 812.749625	 281.256782
 4197.179803	 1366.510219	 472.878131	 2496.082783	 812.747976	 281.256211
 4218.146898	 1373.337302	 475.240683	 2496.077769	 812.746344	 281.255646
 4239.113950	 1380.164371	 477.603230	 2496.072804	 812.744728	 281.255087
 4260.080961	 1386.991426	 479.965773	 2496.067889	 812.743127	 281.254533
 4281.047931	 1393.818468	 482.328311	 2496.063022	 812.741543	 281.253985
 4302.014859	 1400.645497	 484.690844	 2496.058203	 812.739974	 281.253442
 4322.981747	 1407.472512	 487.053373	 2496.053430	 812.738420	 281.252904
 4343.948595	 1414.299515	 489.415898	 2496.048704	 812.736881	 281.252371
 4364.915404	 1421.126504	 491.778417	 2496.044023	 812.735357	 281.251844
 4385.882173	 1427.953481	 494.140933	 2496.039387	 812.733848	 281.251322
 4406.848903	 1434.780445	 496.503444	 2496.034795	 812.732353	 281.250804
 4427.815594	 1441.607397	 498.865950	 2496.030247	 812.730872	 281.250292
 4448.782248	 1448.434336	 501.228453	 2496.025742	 812.729405	 281.249784
 4469.748863	 1455.261263	 503.590951	 2496.021279	 812.727952	 281.249282
 4490.715441	 1462.088177	 505.953445	 2496.016858	 812.726512	 281.248783
 4511.681982	 1468.915080	 508.315935	 2496.012478	 812.725087	 281.248290
 4532.648486	 1475.741970	 510.678420	 2496.008139	 812.723674	 281.247801
 4553.614954	 1482.568849	 513.040902	 2496.003839	 812.722274	 281.247317
 4574.581385	 1489.395716	 515.403379	 2495.999580	 812.720887	 281.246837
 4595.547781	 1496.222571	 517.765852	 2495.995359	 812.719513	 281.246361
 4616.514141	 1503.049415	 520.128322	 2495.991177	 812.718151	 281.245890
 4637.480466	 1509.876247	 522.490787	 2495.987032	 812.716802	 281.245423
 4658.446757	 1516.703068	 524.853248	 2495.982925	 812.715465	 281.244960
 4679.413013	 1523.529877	 527.215706	 2495.978855	 812.714140	 281.244502
 4700.379234	 1530.356676	 529.578160	 2495.974822	 812.712826	 281.244047
 4721.345422	 1537.183463	 531.940610	 2495.970824	 812.711525	 281.243597
 4742.311576	 1544.010240	 534.303056	 2495.966861	 812.710235	 281.243151
 4763.277697	 1550.837006	 536.665498	 2495.962934	 812.708956	 281.242708
 4784.243785	 1557.663761	 539.027937	 2495.959041	 812.707688	 281.242269
 4805.209840	 1564.490505	 541.390372	 2495.955182	 812.706432	 281.241835
 4826.175863	 1571.317239	 543.752803	 2495.951357	 812.705187	 281.241404
 4847.141854	 1578.143962	 546.115231	 2495.947565	 812.703952	 281.240976
 4868.107812	 1584.970675	 548.477655	 2495.943806	 812.702728	 281.240553
 4889.073740	 1591.797378	 550.840076	 2495.940079	 812.701515	 281.240133
 4910.039636	 1598.624070	 553.202493	 2495.936383	 812.700312	 281.239717
 4931.005500	 1605.450753	 555.564906	 2495.932720	 812.699119	 281.239304
 4951.971334	 1612.277425	 557.927316	 2495.929087	 812.697936	 281.238895
 4972.937138	 1619.104087	 560.289723	 2495.925485	 812.696763	 281.238489
 4993.902911	 1625.930740	 562.652126	 2495.921914	 812.695601	 281.238086
 5014.868655	 1632.757383	 565.014526	 2495.918372	 812.694447	 281.237687
 5035.834368	 1639.584016	 567.376922	 2495.914860	 812.693304	 281.237292
 5056.800052	 1646.410639	 569.739316	 2495.911377	 812.692170	 281.236899
 5077.765707	 1653.237253	 572.101705	 2495.907923	 812.691045	 281.236510
 5098.731333	 1660.063858	 574.464092	 2495.904498	 812.689930	 281.236124
 5119.696930	 1666.890453	 576.826475	 2495.901100	 812.688824	 281.235741
 5140.662499	 1673.717039	 579.188856	 2495.897731	 812.687727	 281.235362
 5161.628039	 1680.543616	 581.551232	 2495.894388	 812.686639	 281.234985
 5182.593551	 1687.370183	 583.913606	 2495.891073	 812.685559	 281.234612
 5203.559035	 1694.196742	 586.275977	 2495.887785	 812.684489	 281.234241
 5224.524492	 1701.023291	 588.638344	 2495.884523	 812.683427	 281.233874
 5245.489921	 1707.849832	 591.000709	 2495.881287	 812.682373	 281.233509
 5266.455323	 1714.676363	 593.363070	 2495.878077	 812.681328	 281.233147
 5287.420698	 1721.502886	 595.725429	 2495.874893	 812.680291	 281.232789
 5308.386047	 1728.329400	 598.087784	 2495.871733	 812.679263	 281.232433
 5329.351368	 1735.155906	 600.450136	 2495.868599	 812.678242	 281.232080
 5350.316664	 1741.982403	 602.812486	 2495.865489	 812.677230	 281.231729
 5371.281933	 1748.808891	 605.174832	 2495.862404	 812.676225	 281.231382
 5392.247177	 1755.635371	 607.537176	 2495.859342	 812.675228	 281.231037
 5413.212394	 1762.461843	 609.899516	 2495.856305	 812.674239	 281.230694
 5434.177587	 1769.288306	 612.261854	 2495.853291	 812.673258	 281.230355
 5455.142753	 1776.114762	 614.624189	 2495.850300	 812.672284	 281.230018
 5476.107895	 1782.941209	 616.986521	 2495.847332	 812.671318	 281.229683
 5497.073012	 1789.767647	 619.348850	 2495.844387	 812.670359	 281.229352
 5518.038104	 1796.594078	 621.711177	 2495.841464	 812.669407	 281.229022
 5539.003172	 1803.420501	 624.073500	 2495.838563	 812.668463	 281.228695
 5559.968215	 1810.246916	 626.435821	 2495.835684	 812.667526	 281.228371
 5580.933234	 1817.073323	 628.798140	 2495.832827	 812.666595	 281.228049
 5601.898229	 1823.899722	 631.160455	 2495.829992	 812.665672	 281.227730
 5622.863200	 1830.726113	 633.522768	 2495.827177	 812.664756	 281.227413
 5643.828148	 1837.552497	 635.885078	 2495.824384	 812.663846	 281.227098
 5664.793072	 1844.378873	 638.247386	 2495.821611	 812.662943	 281.226785
 5685.757972	 1851.205242	 640.609691	 2495.818858	 812.662047	 281.226475
 5706.722850	 1858.031602	 642.971993	 2495.816126	 812.661158	 281.226168
 5727.687705	 1864.857956	 645.334293	 2495.813414	 812.660275	 281.225862
 5748.652537	 1871.684302	 647.696590	 2495.810722	 812.659398	 281.225559
 5769.617346	 1878.510641	 650.058884	 2495.808050	 812.658528	 281.225257
 5790.582133	 1885.336972	 652.421177	 2495.805396	 812.657664	 281.224959
 5811.546898	 1892.163296	 654.783466	 2495.802762	 812.656807	 281.224662
 5832.511640	 1898.989613	 657.145753	 2495.800147	 812.655955	 281.224367
 5853.476360	 1905.815923	 659.508038	 2495.797551	 812.655110	 281.224075
 5874.441059	 1912.642226	 661.870320	 2495.794973	 812.654271	 281.223784
 5895.405736	 1919.468521	 664.232600	 2495.792414	 812.653437	 281.223496
 5916.370392	 1926.294810	 666.594877	 2495.789873	 812.652610	 281.223210
 5937.335026	 1933.121092	 668.957152	 2495.787349	 812.651788	 281.222925
 5958.299639	 1939.947366	 671.319424	 2495.784844	 812.650973	 281.222643
 5979.264231	 1946.773634	 673.681694	 2495.782356	 812.650163	 281.222363
 6000.228802	 1953.599895	 676.043962	 2495.779886	 812.649358	 281.222084
 6021.193352	 1960.426150	 678.406228	 2495.777433	 812.648560	 281.221808
 6042.157882	 1967.252397	 680.768491	 2495.774997	 812.647766	 281.221533
 6063.122391	 1974.078638	 683.130751	 2495.772577	 812.646979	 281.221261
 6084.086880	 1980.904873	 685.493010	 2495.770175	 812.646197	 281.220990
 6105.051349	 1987.731101	 687.855266	 2495.767789	 812.645420	 281.220721
 6126.015797	 1994.557322	 690.217520	 2495.765419	 812.644648	 281.220454
 6146.980226	 2001.383537	 692.579772	 2495.763066	 812.643882	 281.220189
 6167.944635	 2008.209745	 694.942021	 2495.760728	 812.643121	 281.219926
 6188.909025	 2015.035947	 697.304269	 2495.758407	 812.642365	 281.219664
 6209.873394	 2021.862143	 699.666514	 2495.756101	 812.641614	 281.219404
 6230.837745	 2028.688332	 702.028757	 2495.753811	 812.640869	 281.219146
 6251.802076	 2035.514515	 704.390997	 2495.751536	 812.640128	 281.218890
 6272.766388	 2042.340692	 706.753236	 2495.749276	 812.639392	 281.218636
 6293.730682	 2049.166862	 709.115473	 2495.747031	 812.638661	 281.218383
 6314.694956	 2055.993027	 711.477707	 2495.744802	 812.637935	 281.218131
 6335.659211	 2062.819185	 713.839939	 2495.742587	 812.637214	 281.217882
 6356.623448	 2069.645338	 716.202169	 2495.740387	 812.636498	 281.217634
 6377.587667	 2076.471484	 718.564397	 2495.738201	 812.635786	 281.217388
 6398.551867	 2083.297624	 720.926623	 2495.736029	 812.635079	 281.217143
 6419.516049	 2090.123759	 723.288847	 2495.733872	 812.634377	 281.216900
 6440.480213	 2096.949887	 725.651069	 2495.731729	 812.633679	 281.216658
 6461.444358	 2103.776010	 728.013289	 2495.729600	 812.632986	 281.216419
 6482.408486	 2110.602127	 730.375507	 2495.727484	 812.632297	 281.216180
 6503.372596	 2117.428238	 732.737722	 2495.725383	 812.631613	 281.215943
 6524.336689	 2124.254343	 735.099936	 2495.723294	 812.630933	 281.215708
 6545.300764	 2131.080443	 737.462148	 2495.721220	 812.630257	 281.215474
 6566.264821	 2137.906537	 739.824358	 2495.719158	 812.629586	 281.215242
 6587.228862	 2144.732625	 742.186566	 2495.717110	 812.628919	 281.215011
 6608.192885	 2151.558708	 744.548772	 2495.715074	 812.628256	 281.214782
 6629.156890	 2158.384785	 746.910976	 2495.713052	 812.627598	 281.214554
 6650.120879	 2165.210856	 749.273178	 2495.711042	 812.626944	 281.214328
 6671.084851	 2172.036922	 751.635379	 2495.709045	 812.626293	 281.214103
 6692.048807	 2178.862983	 753.997577	 2495.707060	 812.625647	 281.213879
 6713.012745	 2185.689038	 756.359773	 2495.705088	 812.625005	 281.213657
 6733.976667	 2192.515088	 758.721968	 2495.703128	 812.624367	 281.213436
 6754.940573	 2199.341133	 761.084161	 2495.701181	 812.623733	 281.213217
 6775.904462	 2206.167172	 763.446352	 2495.699245	 812.623103	 281.212999
 6796.868335	 2212.993205	 765.808541	 2495.697322	 812.622476	 281.212782
 6817.832191	 2219.819234	 768.170728	 2495.695410	 812.621854	 281.212566
 6838.796032	 2226.645257	 770.532914	 2495.693510	 812.621235	 281.212352
 6859.759857	 2233.471275	 772.895097	 2495.691621	 812.620620	 281.212140
 6880.723666	 2240.297288	 775.257279	 2495.689745	 812.620009	 281.211928
 6901.687459	 2247.123296	 777.619459	 2495.687879	 812.619402	 281.211718
 6922.651236	 2253.949299	 779.981638	 2495.686025	 812.618798	 281.211509
 6943.614998	 2260.775297	 782.343814	 2495.684182	 812.618198	 281.211301
 6964.578745	 2267.601289	 784.705989	 2495.682350	 812.617602	 281.211095
 6985.542476	 2274.427277	 787.068162	 2495.680530	 812.617009	 281.210890
 7006.506191	 2281.253260	 789.430334	 2495.678720	 812.616420	 281.210686
 7027.469892	 2288.079237	 791.792503	 2495.676921	 812.615834	 281.210483
 7048.433577	 2294.905210	 794.154671	 2495.675132	 812.615252	 281.210282
 7069.397247	 2301.731178	 796.516838	 2495.673355	 812.614673	 281.210081
 7090.360903	 2308.557141	 798.879002	 2495.671587	 812.614097	 281.209882
 7111.324544	 2315.383099	 801.241165	 2495.669831	 812.613525	 281.209684
 7132.288169	 2322.209052	 803.603326	 2495.668084	 812.612957	 281.209488
 7153.251781	 2329.035001	 805.965486	 2495.666348	 812.612392	 281.209292
 7174.215377	 2335.860945	 808.327644	 2495.664622	 812.611830	 281.209097
 7195.178959	 2342.686884	 810.689800	 2495.662906	 812.611271	 281.208904
 7216.142527	 2349.512818	 813.051955	 2495.661200	 812.610715	 281.208712
 7237.106080	 2356.338748	 815.414108	 2495.659504	 812.610163	 281.208521
 7258.069619	 2363.164673	 817.776260	 2495.657818	 812.609614	 281.208331
 7279.033144	 2369.990594	 820.138409	 2495.656141	 812.609068	 281.208142
 7299.996655	 2376.816510	 822.500558	 2495.654474	 812.608526	 281.207954
 7320.960152	 2383.642421	 824.862704	 2495.652817	 812.607986	 281.207767
 7341.923635	 2390.468328	 827.224850	 2495.651169	 812.607450	 281.207582
 7362.887104	 2397.294230	 829.586993	 2495.649531	 812.606916	 281.207397
 7383.850559	 2404.120128	 831.949135	 2495.647902	 812.606386	 281.207214
 7404.814001	 2410.946022	 834.311276	 2495.646282	 812.605858	 281.207031
 7425.777429	 2417.771911	 836.673415	 2495.644671	 812.605334	 281.206850
 7446.740843	 2424.597795	 839.035552	 2495.643070	 812.604812	 281.206669
 7467.704244	 2431.423675	 841.397688	 2495.641477	 812.604294	 281.206490
 7488.667632	 2438.249551	 843.759823	 2495.639893	 812.603778	 281.206311
 7509.631006	 2445.075423	 846.121956	 2495.638319	 812.603265	 281.206134
 7530.594367	 2451.901290	 848.484087	 2495.636752	 812.602756	 281.205957
 7551.557715	 2458.727153	 850.846217	 2495.635195	 812.602248	 281.205782
 7572.521050	 2465.553011	 853.208345	 2495.633646	 812.601744	 281.205607
 7593.484372	 2472.378866	 855.570472	 2495.632106	 812.601243	 281.205434
 7614.447681	 2479.204716	 857.932598	 2495.630575	 812.600744	 281.205261
 7635.410977	 2486.030562	 860.294722	 2495.629051	 812.600248	 281.205090
 7656.374261	 2492.856404	 862.656845	 2495.627536	 812.599755	 281.204919
 7677.337531	 2499.682241	 865.018966	 2495.626030	 812.599264	 281.204749
 7698.300789	 2506.508075	 867.381086	 2495.624532	 812.598776	 281.204580
 7719.264034	 2513.333905	 869.743204	 2495.623041	 812.598291	 281.204413
 7740.227267	 2520.159730	 872.105321	 2495.621559	 812.597809	 281.204246
 7761.190487	 2526.985551	 874.467437	 2495.620085	 812.597329	 281.204079
 7782.153695	 2533.811369	 876.829551	 2495.618619	 812.596851	 281.203914
 7803.116891	 2540.637182	 879.191664	 2495.617161	 812.596377	 281.203750
 7824.080074	 2547.462991	 881.553775	 2495.615710	 812.595904	 281.203586
 7845.043246	 2554.288797	 883.915885	 2495.614267	 812.595435	 281.203424
 7866.006405	 2561.114598	 886.277994	 2495.612832	 812.594967	 281.203262
 7886.969552	 2567.940395	 888.640101	 2495.611405	 812.594503	 281.203101
 7907.932687	 2574.766189	 891.002207	 2495.609985	 812.594040	 281.202941
 7928.895810	 2581.591979	 893.364312	 2495.608573	 812.593581	 281.202782
 7949.858921	 2588.417765	 895.726415	 2495.607168	 812.593123	 281.202624
 7970.822021	 2595.243547	 898.088517	 2495.605771	 812.592668	 281.202467
 7991.785108	 2602.069325	 900.450618	 2495.604381	 812.592216	 281.202310
 8012.748185	 2608.895099	 902.812717	 2495.602998	 812.591765	 281.202154
 8033.711249	 2615.720870	 905.174815	 2495.601622	 812.591317	 281.201999
 8054.674302	 2622.546637	 907.536912	 2495.600254	 812.590872	 281.201845
 8075.637343	 2629.372400	 909.899007	 2495.598893	 812.590429	 281.201692
 8096.600373	 2636.198159	 912.261101	 2495.597539	 812.589988	 281.201539
 8117.563392	 2643.023915	 914.623194	 2495.596191	 812.589549	 281.201387
 8138.526399	 2649.849667	 916.985286	 2495.594851	 812.589113	 281.201236
 8159.489395	 2656.675415	 919.347376	 2495.593518	 812.588679	 281.201086
 8180.452380	 2663.501160	 921.709465	 2495.592191	 812.588247	 281.200937
 8201.415353	 2670.326901	 924.071553	 2495.590872	 812.587817	 281.200788
 8222.378316	 2677.152638	 926.433639	 2495.589559	 812.587390	 281.200640
 8243.341268	 2683.978372	 928.795725	 2495.588252	 812.586964	 281.200493
 8264.304208	 2690.804102	 931.157809	 2495.586953	 812.586541	 281.200346
 8285.267138	 2697.629829	 933.519892	 2495.585659	 812.586120	 281.200201
 8306.230057	 2704.455552	 935.881973	 2495.584373	 812.585701	 281.200056
 8327.192965	 2711.281272	 938.244053	 2495.583093	 812.585284	 281.199911
 8348.155862	 2718.106988	 940.606133	 2495.581819	 812.584870	 281.199768
 8369.118748	 2724.932700	 942.968211	 2495.580552	 812.584457	 281.199625
 8390.081624	 2731.758410	 945.330287	 2495.579291	 812.584047	 281.199483
 8411.044490	 2738.584115	 947.692363	 2495.578037	 812.583638	 281.199342
 8432.007344	 2745.409818	 950.054437	 2495.576788	 812.583232	 281.199201
 8452.970189	 2752.235517	 952.416511	 2495.575546	 812.582827	 281.199061
 8473.933022	 2759.061212	 954.778583	 2495.574310	 812.582425	 281.198922
 8494.895846	 2765.886904	 957.140653	 2495.573080	 812.582024	 281.198783
 8515.858659	 2772.712593	 959.502723	 2495.571856	 812.581626	 281.198645
 8536.821462	 2779.538278	 961.864792	 2495.570639	 812.581229	 281.198508
 8557.784254	 2786.363960	 964.226859	 2495.569427	 812.580835	 281.198372
 8578.747037	 2793.189639	 966.588925	 2495.568221	 812.580442	 281.198236
 8599.709809	 2800.015315	 968.950990	 2495.567021	 812.580051	 281.198101
 8620.672571	 2806.840987	 971.313054	 2495.565827	 812.579663	 281.197966
 8641.635324	 2813.666656	 973.675117	 2495.564638	 812.579276	 281.197832
 8662.598066	 2820.492321	 976.037179	 2495.563456	 812.578891	 281.197699
 8683.560798	 2827.317984	 978.399239	 2495.562279	 812.578507	 281.197566
 8704.523521	 2834.143643	 980.761299	 2495.561107	 812.578126	 281.197434
 8725.486233	 2840.969299	 983.123357	 2495.559942	 812.577747	 281.197303
 8746.448936	 2847.794952	 985.485415	 2495.558782	 812.577369	 281.197172
 8767.411629	 2854.620602	 987.847471	 2495.557627	 812.576993	 281.197042
 8788.374312	 2861.446248	 990.209526	 2495.556479	 812.576619	 281.196913
 8809.336986	 2868.271891	 992.571580	 2495.555335	 812.576247	 281.196784
 8830.299650	 2875.097532	 994.933633	 2495.554197	 812.575876	 281.196656
 8851.262304	 2881.923169	 997.295685	 2495.553064	 812.575507	 281.196528
 8872.224949	 2888.748803	 999.657735	 2495.551937	 812.575140	 281.196401
 8893.187585	 2895.574434	 1002.019785	 2495.550815	 812.574775	 281.196275
 8914.150211	 2902.400062	 1004.381834	 2495.549699	 812.574411	 281.196149
 8935.112828	 2909.225686	 1006.743881	 2495.548587	 812.574050	 281.196024
 8956.075435	 2916.051308	 1009.105928	 2495.547481	 812.573689	 281.195899
 8977.038033	 2922.876927	 1011.467973	 2495.546380	 812.573331	 281.195775
 8998.000622	 2929.702543	 1013.830018	 2495.545284	 812.572974	 281.195651
 9018.963202	 2936.528155	 1016.192061	 2495.544193	 812.572619	 281.195529
 9039.925772	 2943.353765	 1018.554103	 2495.543108	 812.572265	 281.195406
 9060.888334	 2950.179372	 1020.916145	 2495.542027	 812.571914	 281.195284
 9081.850886	 2957.004976	 1023.278185	 2495.540951	 812.571563	 281.195163
 9102.813429	 2963.830577	 1025.640224	 2495.539880	 812.571215	 281.195043
 9123.775963	 2970.656175	 1028.002262	 2495.538815	 812.570868	 281.194923
 9144.738489	 2977.481770	 1030.364300	 2495.537754	 812.570522	 281.194803
 9165.701005	 2984.307362	 1032.726336	 2495.536698	 812.570178	 281.194684
 9186.663513	 2991.132951	 1035.088371	 2495.535646	 812.569836	 281.194566
 9207.626011	 2997.958537	 1037.450406	 2495.534600	 812.569495	 281.194448
 9228.588501	 3004.784121	 1039.812439	 2495.533558	 812.569156	 281.194330
 9249.550982	 3011.609702	 1042.174471	 2495.532521	 812.568819	 281.194213
 9270.513455	 3018.435279	 1044.536502	 2495.531489	 812.568482	 281.194097
 9291.475918	 3025.260854	 1046.898533	 2495.530462	 812.568148	 281.193981
 9312.438374	 3032.086427	 1049.260562	 2495.529439	 812.567815	 281.193866
 9333.400820	 3038.911996	 1051.622590	 2495.528420	 812.567483	 281.193751
 9354.363258	 3045.737563	 1053.984618	 2495.527406	 812.567153	 281.193637
 9375.325688	 3052.563127	 1056.346644	 2495.526397	 812.566825	 281.193523
 9396.288109	 3059.388688	 1058.708670	 2495.525392	 812.566497	 281.193410
 9417.250521	 3066.214246	 1061.070694	 2495.524392	 812.566172	 281.193297
 9438.212925	 3073.039802	 1063.432718	 2495.523396	 812.565847	 281.193185
 9459.175321	 3079.865354	 1065.794741	 2495.522405	 812.565525	 281.193074
 9480.137708	 3086.690905	 1068.156762	 2495.521418	 812.565203	 281.192962
 9501.100088	 3093.516452	 1070.518783	 2495.520435	 812.564883	 281.192852
 9522.062459	 3100.341997	 1072.880803	 2495.519457	 812.564565	 281.192741
 9543.024821	 3107.167539	 1075.242822	 2495.518483	 812.564248	 281.192632
 9563.987176	 3113.993078	 1077.604840	 2495.517513	 812.563932	 281.192522
 9584.949522	 3120.818615	 1079.966857	 2495.516548	 812.563618	 281.192414
 9605.911860	 3127.644149	 1082.328873	 2495.515586	 812.563305	 281.192305
 9626.874191	 3134.469681	 1084.690889	 2495.514629	 812.562993	 281.192197
 9647.836513	 3141.295210	 1087.052903	 2495.513676	 812.562683	 281.192090
 9668.798827	 3148.120736	 1089.414917	 2495.512728	 812.562374	 281.191983
 9689.761133	 3154.946260	 1091.776929	 2495.511783	 812.562066	 281.191877
 9710.723431	 3161.771781	 1094.138941	 2495.510842	 812.561760	 281.191771
 9731.685722	 3168.597299	 1096.500952	 2495.509906	 812.561455	 281.191665
 9752.648004	 3175.422815	 1098.862961	 2495.508973	 812.561151	 281.191560
 9773.610279	 3182.248329	 1101.224971	 2495.508045	 812.560849	 281.191456
 9794.572545	 3189.073840	 1103.586979	 2495.507120	 812.560548	 281.191351
 9815.534805	 3195.899348	 1105.948986	 2495.506200	 812.560248	 281.191248
 9836.497056	 3202.724854	 1108.310992	 2495.505283	 812.559950	 281.191144
 9857.459299	 3209.550357	 1110.672998	 2495.504370	 812.559653	 281.191042
 9878.421535	 3216.375858	 1113.035003	 2495.503461	 812.559357	 281.190939
 9899.383764	 3223.201356	 1115.397006	 2495.502556	 812.559062	 281.190837
 9920.345984	 3230.026852	 1117.759009	 2495.501655	 812.558769	 281.190736
 9941.308198	 3236.852346	 1120.121011	 2495.500758	 812.558476	 281.190635
 9962.270403	 3243.677837	 1122.483013	 2495.499864	 812.558186	 281.190534
 9983.232601	 3250.503325	 1124.845013	 2495.498974	 812.557896	 281.190434
 10004.194792	 3257.328811	 1127.207013	 2495.498088	 812.557607	 281.190334
 10025.156975	 3264.154295	 1129.569011	 2495.497206	 812.557320	 281.190234
 10046.119151	 3270.979776	 1131.931009	 2495.496327	 812.557034	 281.190135
 10067.081319	 3277.805255	 1134.293006	 2495.495452	 812.556749	 281.190037
 10088.043480	 3284.630731	 1136.655002	 2495.494581	 812.556465	 281.189939
 10109.005634	 3291.456206	 1139.016998	 2495.493713	 812.556183	 281.189841
 10129.967781	 3298.281677	 1141.378992	 2495.492849	 812.555901	 281.189743
 10150.929920	 3305.107147	 1143.740986	 2495.491988	 812.555621	 281.189646
 10171.892052	 3311.932614	 1146.102979	 2495.491131	 812.555342	 281.189550
 10192.854177	 3318.758078	 1148.464971	 2495.490278	 812.555064	 281.189454
 10213.816294	 3325.583540	 1150.826963	 2495.489428	 812.554787	 281.189358
 10234.778405	 3332.409000	 1153.188953	 2495.488581	 812.554512	 281.189263
 10255.740508	 3339.234458	 1155.550943	 2495.487738	 812.554237	 281.189168
 10276.702604	 3346.059913	 1157.912932	 2495.486898	 812.553964	 281.189073
 10297.664693	 3352.885366	 1160.274920	 2495.486062	 812.553692	 281.188979
 10318.626775	 3359.710817	 1162.636907	 2495.485229	 812.553420	 281.188885
 10339.588851	 3366.536266	 1164.998894	 2495.484400	 812.553150	 281.188791
 10360.550919	 3373.361712	 1167.360880	 2495.483574	 812.552881	 281.188698
 10381.512980	 3380.187156	 1169.722865	 2495.482751	 812.552614	 281.188606
 10402.475035	 3387.012598	 1172.084849	 2495.481932	 812.552347	 281.188513
 10423.437082	 3393.838037	 1174.446832	 2495.481116	 812.552081	 281.188421
 10444.399123	 3400.663474	 1176.808815	 2495.480303	 812.551816	 281.188330
 10465.361156	 3407.488909	 1179.170797	 2495.479493	 812.551553	 281.188239
 10486.323183	 3414.314342	 1181.532778	 2495.478687	 812.551290	 281.188148
 10507.285204	 3421.139773	 1183.894758	 2495.477884	 812.551029	 281.188057
 10528.247217	 3427.965201	 1186.256738	 2495.477084	 812.550768	 281.187967
 10549.209224	 3434.790627	 1188.618717	 2495.476287	 812.550509	 281.187877
 10570.171224	 3441.616051	 1190.980695	 2495.475493	 812.550250	 281.187788
 10591.133217	 3448.441473	 1193.342672	 2495.474703	 812.549993	 281.187699
 10612.095204	 3455.266893	 1195.704649	 2495.473916	 812.549737	 281.187610
 10633.057184	 3462.092310	 1198.066624	 2495.473132	 812.549481	 281.187522
 10654.019158	 3468.917726	 1200.428600	 2495.472350	 812.549227	 281.187434
 10674.981125	 3475.743139	 1202.790574	 2495.471572	 812.548974	 281.187346
 10695.943085	 3482.568550	 1205.152548	 2495.470797	 812.548721	 281.187259
 10716.905039	 3489.393959	 1207.514520	 2495.470026	 812.548470	 281.187172
 10737.866987	 3496.219366	 1209.876493	 2495.469257	 812.548220	 281.187085
 10758.828928	 3503.044771	 1212.238464	 2495.468491	 812.547970	 281.186999
 10779.790862	 3509.870174	 1214.600435	 2495.467728	 812.547722	 281.186913
 10800.752790	 3516.695574	 1216.962405	 2495.466968	 812.547475	 281.186827
 10821.714712	 3523.520973	 1219.324374	 2495.466211	 812.547228	 281.186742
 10842.676628	 3530.346369	 1221.686343	 2495.465457	 812.546983	 281.186657
 10863.638537	 3537.171764	 1224.048310	 2495.464705	 812.546738	 281.186572
 10884.600439	 3543.997156	 1226.410277	 2495.463957	 812.546494	 281.186488
 10905.562336	 3550.822546	 1228.772244	 2495.463212	 812.546252	 281.186404
 10926.524226	 3557.647935	 1231.134210	 2495.462469	 812.546010	 281.186320
 10947.486110	 3564.473321	 1233.496175	 2495.461729	 812.545769	 281.186237
 10968.447988	 3571.298705	 1235.858139	 2495.460993	 812.545529	 281.186154
 10989.409860	 3578.124087	 1238.220103	 2495.460259	 812.545290	 281.186071
 11010.371725	 3584.949468	 1240.582065	 2495.459527	 812.545052	 281.185989
 11031.333584	 3591.774846	 1242.944028	 2495.458799	 812.544815	 281.185907
 11052.295437	 3598.600222	 1245.305989	 2495.458073	 812.544578	 281.185825
 11073.257285	 3605.425596	 1247.667950	 2495.457350	 812.544343	 281.185744
 11094.219125	 3612.250968	 1250.029910	 2495.456630	 812.544109	 281.185662
 11115.180960	 3619.076339	 1252.391870	 2495.455912	 812.543875	 281.185582
 11136.142789	 3625.901707	 1254.753828	 2495.455198	 812.543642	 281.185501
 11157.104612	 3632.727073	 1257.115787	 2495.454485	 812.543410	 281.185421
 11178.066429	 3639.552438	 1259.477744	 2495.453776	 812.543179	 281.185341
 11199.028240	 3646.377800	 1261.839701	 2495.453069	 812.542949	 281.185261
 11219.990045	 3653.203161	 1264.201657	 2495.452365	 812.542720	 281.185182
 11240.951844	 3660.028519	 1266.563612	 2495.451664	 812.542492	 281.185103
 11261.913638	 3666.853876	 1268.925567	 2495.450965	 812.542264	 281.185024
 11282.875425	 3673.679231	 1271.287521	 2495.450268	 812.542037	 281.184946
 11303.837206	 3680.504584	 1273.649475	 2495.449575	 812.541811	 281.184868
 11324.798982	 3687.329935	 1276.011428	 2495.448884	 812.541586	 281.184790
 11345.760752	 3694.155284	 1278.373380	 2495.448195	 812.541362	 281.184712
 11366.722516	 3700.980631	 1280.735331	 2495.447509	 812.541139	 281.184635
 11387.684274	 3707.805976	 1283.097282	 2495.446825	 812.540916	 281.184558
 11408.646027	 3714.631320	 1285.459232	 2495.446144	 812.540694	 281.184481
 11429.607774	 3721.456661	 1287.821182	 2495.445466	 812.540474	 281.184405
 11450.569515	 3728.282001	 1290.183131	 2495.444790	 812.540253	 281.184328
 11471.531250	 3735.107339	 1292.545079	 2495.444116	 812.540034	 281.184253
 11492.492980	 3741.932675	 1294.907027	 2495.443445	 812.539816	 281.184177
 11513.454705	 3748.758009	 1297.268974	 2495.442777	 812.539598	 281.184102
 11534.416423	 3755.583341	 1299.630920	 2495.442110	 812.539381	 281.184026
 11555.378136	 3762.408672	 1301.992866	 2495.441447	 812.539165	 281.183952
 11576.339843	 3769.234001	 1304.354811	 2495.440785	 812.538950	 281.183877
 11597.301545	 3776.059328	 1306.716755	 2495.440126	 812.538735	 281.183803
 11618.263242	 3782.884653	 1309.078699	 2495.439470	 812.538521	 281.183729
 11639.224932	 3789.709976	 1311.440642	 2495.438815	 812.538308	 281.183655
 11660.186618	 3796.535298	 1313.802585	 2495.438163	 812.538096	 281.183582
 11681.148298	 3803.360618	 1316.164527	 2495.437514	 812.537884	 281.183509
 11702.109972	 3810.185935	 1318.526468	 2495.436867	 812.537674	 281.183436
 11723.071641	 3817.011252	 1320.888409	 2495.436222	 812.537464	 281.183363
 11744.033304	 3823.836566	 1323.250349	 2495.435579	 812.537255	 281.183291
 11764.994962	 3830.661879	 1325.612289	 2495.434939	 812.537046	 281.183218
 11785.956615	 3837.487190	 1327.974228	 2495.434301	 812.536838	 281.183147
 11806.918263	 3844.312499	 1330.336166	 2495.433665	 812.536631	 281.183075
 11827.879905	 3851.137806	 1332.698104	 2495.433032	 812.536425	 281.183004
 11848.841541	 3857.963112	 1335.060041	 2495.432400	 812.536219	 281.182932
 11869.803173	 3864.788416	 1337.421978	 2495.431771	 812.536015	 281.182862
 11890.764799	 3871.613718	 1339.783914	 2495.431145	 812.535811	 281.182791
 11911.726420	 3878.439019	 1342.145849	 2495.430520	 812.535607	 281.182721
 11932.688035	 3885.264318	 1344.507784	 2495.429898	 812.535405	 281.182650
 11953.649646	 3892.089615	 1346.869718	 2495.429277	 812.535203	 281.182581
 11974.611251	 3898.914910	 1349.231652	 2495.428659	 812.535001	 281.182511
 11995.572851	 3905.740204	 1351.593585	 2495.428043	 812.534801	 281.182442
 12016.534446	 3912.565496	 1353.955517	 2495.427430	 812.534601	 281.182372
 12037.496035	 3919.390787	 1356.317449	 2495.426818	 812.534402	 281.182303
 12058.457620	 3926.216075	 1358.679380	 2495.426209	 812.534203	 281.182235
 12079.419199	 3933.041363	 1361.041311	 2495.425601	 812.534006	 281.182166
 12100.380774	 3939.866648	 1363.403241	 2495.424996	 812.533809	 281.182098
 12121.342343	 3946.691932	 1365.765170	 2495.424393	 812.533612	 281.182030
 12142.303907	 3953.517214	 1368.127099	 2495.423792	 812.533417	 281.181962
 12163.265466	 3960.342494	 1370.489028	 2495.423193	 812.533222	 281.181895
 12184.227020	 3967.167773	 1372.850956	 2495.422596	 812.533027	 281.181828
 12205.188569	 3973.993050	 1375.212883	 2495.422001	 812.532834	 281.181761
 12226.150113	 3980.818326	 1377.574810	 2495.421408	 812.532640	 281.181694
 12247.111652	 3987.643600	 1379.936736	 2495.420818	 812.532448	 281.181627
 12268.073187	 3994.468872	 1382.298661	 2495.420229	 812.532256	 281.181561
 12289.034716	 4001.294143	 1384.660586	 2495.419642	 812.532065	 281.181495
 12309.996240	 4008.119412	 1387.022511	 2495.419057	 812.531875	 281.181429
 12330.957759	 4014.944679	 1389.384435	 2495.418474	 812.531685	 281.181363
 12351.919274	 4021.769945	 1391.746358	 2495.417894	 812.531496	 281.181298
 12372.880783	 4028.595210	 1394.108281	 2495.417315	 812.531308	 281.181233
 12393.842288	 4035.420472	 1396.470203	 2495.416738	 812.531120	 281.181168
 12414.803788	 4042.245734	 1398.832125	 2495.416163	 812.530933	 281.181103
 12435.765283	 4049.070993	 1401.194046	 2495.415590	 812.530746	 281.181038
 12456.726773	 4055.896251	 1403.555967	 2495.415019	 812.530560	 281.180974
 12477.688258	 4062.721508	 1405.917887	 2495.414450	 812.530375	 281.180910
 12498.649739	 4069.546763	 1408.279806	 2495.413883	 812.530190	 281.180846
 12519.611215	 4076.372016	 1410.641725	 2495.413317	 812.530006	 281.180782
 12540.572686	 4083.197268	 1413.003644	 2495.412754	 812.529823	 281.180719
 12561.534153	 4090.022518	 1415.365562	 2495.412192	 812.529640	 281.180656
 12582.495614	 4096.847767	 1417.727479	 2495.411633	 812.529458	 281.180592
 12603.457071	 4103.673014	 1420.089396	 2495.411075	 812.529276	 281.180530
 12624.418523	 4110.498260	 1422.451313	 2495.410519	 812.529095	 281.180467
 12645.379971	 4117.323504	 1424.813228	 2495.409965	 812.528915	 281.180405
 12666.341414	 4124.148746	 1427.175144	 2495.409413	 812.528735	 281.180342
 12687.302852	 4130.973987	 1429.537058	 2495.408862	 812.528555	 281.180280
 12708.264286	 4137.799227	 1431.898973	 2495.408314	 812.528377	 281.180218
 12729.225715	 4144.624465	 1434.260886	 2495.407767	 812.528199	 281.180157
 12750.187140	 4151.449702	 1436.622800	 2495.407222	 812.528021	 281.180095
 12771.148559	 4158.274937	 1438.984712	 2495.406678	 812.527844	 281.180034
 12792.109975	 4165.100171	 1441.346625	 2495.406137	 812.527668	 281.179973
 12813.071386	 4171.925403	 1443.708536	 2495.405597	 812.527492	 281.179912
 12834.032792	 4178.750634	 1446.070448	 2495.405059	 812.527317	 281.179852
 12854.994194	 4185.575863	 1448.432358	 2495.404523	 812.527143	 281.179791
 12875.955591	 4192.401090	 1450.794268	 2495.403989	 812.526969	 281.179731
 12896.916984	 4199.226317	 1453.156178	 2495.403456	 812.526795	 281.179671
 12917.878372	 4206.051542	 1455.518087	 2495.402925	 812.526622	 281.179611
 12938.839756	 4212.876765	 1457.879996	 2495.402396	 812.526450	 281.179552
 12959.801135	 4219.701987	 1460.241904	 2495.401869	 812.526278	 281.179492
 12980.762510	 4226.527207	 1462.603812	 2495.401343	 812.526107	 281.179433
 13001.723881	 4233.352426	 1464.965719	 2495.400819	 812.525937	 281.179374
 13022.685247	 4240.177644	 1467.327625	 2495.400296	 812.525766	 281.179315
 13043.646609	 4247.002860	 1469.689532	 2495.399776	 812.525597	 281.179256
 13064.607966	 4253.828075	 1472.051437	 2495.399256	 812.525428	 281.179198
 13085.569319	 4260.653288	 1474.413342	 2495.398739	 812.525259	 281.179140
 13106.530668	 4267.478500	 1476.775247	 2495.398223	 812.525091	 281.179082
 13127.492012	 4274.303711	 1479.137151	 2495.397709	 812.524924	 281.179024
 13148.453352	 4281.128920	 1481.499055	 2495.397197	 812.524757	 281.178966
 13169.414688	 4287.954128	 1483.860958	 2495.396686	 812.524591	 281.178908
 13190.376019	 4294.779334	 1486.222861	 2495.396177	 812.524425	 281.178851
 13211.337346	 4301.604539	 1488.584763	 2495.395669	 812.524260	 281.178794
 13232.298669	 4308.429743	 1490.946665	 2495.395163	 812.524095	 281.178737
 13253.259988	 4315.254945	 1493.308566	 2495.394659	 812.523931	 281.178680
 13274.221302	 4322.080145	 1495.670467	 2495.394156	 812.523767	 281.178623
 13295.182612	 4328.905345	 1498.032368	 2495.393655	 812.523604	 281.178567
 13316.143918	 4335.730543	 1500.394267	 2495.393155	 812.523441	 281.178511
 13337.105220	 4342.555740	 1502.756167	 2495.392657	 812.523279	 281.178454
 13358.066517	 4349.380935	 1505.118066	 2495.392161	 812.523118	 281.178398
 13379.027811	 4356.206129	 1507.479964	 2495.391666	 812.522956	 281.178343
 13399.989100	 4363.031321	 1509.841862	 2495.391173	 812.522796	 281.178287
 13420.950385	 4369.856513	 1512.203760	 2495.390681	 812.522636	 281.178232
 13441.911666	 4376.681703	 1514.565657	 2495.390190	 812.522476	 281.178176
 13462.872943	 4383.506891	 1516.927553	 2495.389702	 812.522317	 281.178121
 13483.834216	 4390.332078	 1519.289450	 2495.389215	 812.522158	 281.178066
 13504.795484	 4397.157264	 1521.651345	 2495.388729	 812.522000	 281.178012
 13525.756749	 4403.982449	 1524.013240	 2495.388245	 812.521842	 281.177957
 13546.718010	 4410.807632	 1526.375135	 2495.387762	 812.521685	 281.177903
 13567.679266	 4417.632814	 1528.737029	 2495.387281	 812.521529	 281.177849
 13588.640518	 4424.457994	 1531.098923	 2495.386801	 812.521372	 281.177795
 13609.601767	 4431.283174	 1533.460817	 2495.386323	 812.521217	 281.177741
 13630.563011	 4438.108352	 1535.822710	 2495.385846	 812.521061	 281.177687
 13651.524252	 4444.933528	 1538.184602	 2495.385371	 812.520907	 281.177633
 13672.485488	 4451.758704	 1540.546494	 2495.384897	 812.520752	 281.177580
 13693.446720	 4458.583878	 1542.908386	 2495.384424	 812.520599	 281.177527
 13714.407949	 4465.409051	 1545.270277	 2495.383953	 812.520445	 281.177474
 13735.369173	 4472.234222	 1547.632168	 2495.383484	 812.520292	 281.177421
 13756.330394	 4479.059392	 1549.994058	 2495.383016	 812.520140	 281.177368
 13777.291610	 4485.884561	 1552.355948	 2495.382549	 812.519988	 281.177315
 13798.252823	 4492.709729	 1554.717837	 2495.382084	 812.519836	 281.177263
 13819.214032	 4499.534895	 1557.079726	 2495.381620	 812.519685	 281.177211
 13840.175237	 4506.360060	 1559.441614	 2495.381158	 812.519535	 281.177159
 13861.136437	 4513.185224	 1561.803502	 2495.380696	 812.519385	 281.177107
 13882.097635	 4520.010387	 1564.165390	 2495.380237	 812.519235	 281.177055
 13903.058828	 4526.835548	 1566.527277	 2495.379779	 812.519086	 281.177003
 13924.020017	 4533.660708	 1568.889164	 2495.379322	 812.518937	 281.176952
 13944.981203	 4540.485867	 1571.251050	 2495.378866	 812.518789	 281.176900
 13965.942385	 4547.311025	 1573.612936	 2495.378412	 812.518641	 281.176849
 13986.903562	 4554.136181	 1575.974822	 2495.377959	 812.518494	 281.176798
 14007.864737	 4560.961336	 1578.336707	 2495.377508	 812.518347	 281.176747
 14028.825907	 4567.786490	 1580.698591	 2495.377058	 812.518200	 281.176697
 14049.787073	 4574.611643	 1583.060475	 2495.376609	 812.518054	 281.176646
 14070.748236	 4581.436794	 1585.422359	 2495.376162	 812.517908	 281.176596
 14091.709395	 4588.261944	 1587.784243	 2495.375716	 812.517763	 281.176546
 14112.670550	 4595.087093	 1590.146125	 2495.375271	 812.517618	 281.176495
 14133.631702	 4601.912241	 1592.508008	 2495.374828	 812.517474	 281.176445
 14154.592850	 4608.737387	 1594.869890	 2495.374386	 812.517330	 281.176396
 14175.553994	 4615.562533	 1597.231772	 2495.373945	 812.517186	 281.176346
 14196.515134	 4622.387677	 1599.593653	 2495.373505	 812.517043	 281.176296
 14217.476271	 4629.212820	 1601.955534	 2495.373067	 812.516901	 281.176247
 14238.437404	 4636.037962	 1604.317414	 2495.372630	 812.516758	 281.176198
 14259.398533	 4642.863102	 1606.679294	 2495.372195	 812.516617	 281.176149
 14280.359659	 4649.688241	 1609.041174	 2495.371760	 812.516475	 281.176100
 14301.320781	 4656.513380	 1611.403053	 2495.371327	 812.516334	 281.176051
 14322.281899	 4663.338517	 1613.764931	 2495.370896	 812.516194	 281.176002
 14343.243014	 4670.163652	 1616.126810	 2495.370465	 812.516053	 281.175954
 14364.204125	 4676.988787	 1618.488688	 2495.370036	 812.515914	 281.175906
 14385.165233	 4683.813920	 1620.850565	 2495.369608	 812.515774	 281.175857
 14406.126337	 4690.639053	 1623.212442	 2495.369181	 812.515635	 281.175809
 14427.087437	 4697.464184	 1625.574319	 2495.368755	 812.515497	 281.175761
 14448.048534	 4704.289314	 1627.936195	 2495.368331	 812.515359	 281.175713
 14469.009627	 4711.114442	 1630.298071	 2495.367908	 812.515221	 281.175666
 14489.970717	 4717.939570	 1632.659947	 2495.367486	 812.515084	 281.175618
 14510.931803	 4724.764696	 1635.021822	 2495.367066	 812.514947	 281.175571
 14531.892886	 4731.589822	 1637.383697	 2495.366646	 812.514810	 281.175524
 14552.853965	 4738.414946	 1639.745571	 2495.366228	 812.514674	 281.175476
 14573.815040	 4745.240069	 1642.107445	 2495.365811	 812.514538	 281.175430
 14594.776112	 4752.065191	 1644.469318	 2495.365395	 812.514403	 281.175383
 14615.737181	 4758.890312	 1646.831191	 2495.364981	 812.514268	 281.175336
 14636.698246	 4765.715431	 1649.193064	 2495.364567	 812.514133	 281.175289
 14657.659308	 4772.540550	 1651.554937	 2495.364155	 812.513999	 281.175243
 14678.620366	 4779.365667	 1653.916809	 2495.363744	 812.513865	 281.175197
 14699.581421	 4786.190783	 1656.278680	 2495.363334	 812.513732	 281.175150
 14720.542472	 4793.015898	 1658.640551	 2495.362926	 812.513599	 281.175104
 14741.503520	 4799.841012	 1661.002422	 2495.362518	 812.513466	 281.175058
 14762.464564	 4806.666125	 1663.364292	 2495.362112	 812.513334	 281.175013
 14783.425605	 4813.491237	 1665.726162	 2495.361706	 812.513202	 281.174967
 14804.386643	 4820.316348	 1668.088032	 2495.361302	 812.513070	 281.174921
 14825.347677	 4827.141457	 1670.449901	 2495.360899	 812.512939	 281.174876
 14846.308708	 4833.966566	 1672.811770	 2495.360498	 812.512808	 281.174831
 14867.269735	 4840.791673	 1675.173639	 2495.360097	 812.512678	 281.174786
 14888.230759	 4847.616779	 1677.535507	 2495.359698	 812.512547	 281.174741
 14909.191780	 4854.441884	 1679.897375	 2495.359299	 812.512418	 281.174696
 14930.152797	 4861.266988	 1682.259242	 2495.358902	 812.512288	 281.174651
 14951.113811	 4868.092091	 1684.621109	 2495.358506	 812.512159	 281.174606
 14972.074822	 4874.917193	 1686.982976	 2495.358111	 812.512031	 281.174562
 14993.035829	 4881.742294	 1689.344842	 2495.357717	 812.511902	 281.174517
 15013.996833	 4888.567394	 1691.706708	 2495.357324	 812.511775	 281.174473
 15034.957834	 4895.392492	 1694.068573	 2495.356932	 812.511647	 281.174429
 15055.918832	 4902.217590	 1696.430438	 2495.356541	 812.511520	 281.174385
 15076.879826	 4909.042687	 1698.792303	 2495.356152	 812.511393	 281.174341
 15097.840817	 4915.867782	 1701.154167	 2495.355763	 812.511266	 281.174297
 15118.801804	 4922.692876	 1703.516031	 2495.355376	 812.511140	 281.174254
 15139.762789	 4929.517970	 1705.877895	 2495.354990	 812.511015	 281.174210
 15160.723770	 4936.343062	 1708.239758	 2495.354604	 812.510889	 281.174167
 15181.684748	 4943.168153	 1710.601621	 2495.354220	 812.510764	 281.174123
 15202.645723	 4949.993243	 1712.963484	 2495.353837	 812.510639	 281.174080
 15223.606694	 4956.818333	 1715.325346	 2495.353455	 812.510515	 281.174037
 15244.567662	 4963.643421	 1717.687208	 2495.353074	 812.510391	 281.173994
 15265.528628	 4970.468508	 1720.049069	 2495.352694	 812.510267	 281.173951
 15286.489589	 4977.293594	 1722.410930	 2495.352315	 812.510144	 281.173909
 15307.450548	 4984.118679	 1724.772791	 2495.351937	 812.510021	 281.173866
 15328.411504	 4990.943763	 1727.134652	 2495.351560	 812.509898	 281.173824
 15349.372456	 4997.768846	 1729.496512	 2495.351184	 812.509776	 281.173781
 15370.333405	 5004.593927	 1731.858371	 2495.350809	 812.509653	 281.173739
 15391.294351	 5011.419008	 1734.220231	 2495.350436	 812.509532	 281.173697
 15412.255294	 5018.244088	 1736.582090	 2495.350063	 812.509410	 281.173655
 15433.216234	 5025.069167	 1738.943948	 2495.349691	 812.509289	 281.173613
 15454.177171	 5031.894245	 1741.305806	 2495.349320	 812.509169	 281.173571
 15475.138104	 5038.719321	 1743.667664	 2495.348950	 812.509048	 281.173530
 15496.099035	 5045.544397	 1746.029522	 2495.348582	 812.508928	 281.173488
 15517.059962	 5052.369472	 1748.391379	 2495.348214	 812.508808	 281.173447
 15538.020886	 5059.194546	 1750.753236	 2495.347847	 812.508689	 281.173405
 15558.981807	 5066.019618	 1753.115093	 2495.347481	 812.508570	 281.173364
 15579.942725	 5072.844690	 1755.476949	 2495.347117	 812.508451	 281.173323
 15600.903640	 5079.669761	 1757.838805	 2495.346753	 812.508333	 281.173282
 15621.864552	 5086.494831	 1760.200660	 2495.346390	 812.508215	 281.173241
 15642.825461	 5093.319899	 1762.562515	 2495.346028	 812.508097	 281.173200
 15663.786367	 5100.144967	 1764.924370	 2495.345667	 812.507979	 281.173160
 15684.747270	 5106.970034	 1767.286224	 2495.345307	 812.507862	 281.173119
 15705.708170	 5113.795100	 1769.648079	 2495.344948	 812.507745	 281.173079
 15726.669067	 5120.620165	 1772.009932	 2495.344590	 812.507629	 281.173038
 15747.629961	 5127.445228	 1774.371786	 2495.344233	 812.507512	 281.172998
 15768.590851	 5134.270291	 1776.733639	 2495.343877	 812.507396	 281.172958
 15789.551739	 5141.095353	 1779.095492	 2495.343522	 812.507281	 281.172918
 15810.512624	 5147.920414	 1781.457344	 2495.343168	 812.507165	 281.172878
 15831.473506	 5154.745474	 1783.819196	 2495.342815	 812.507050	 281.172838
 15852.434385	 5161.570533	 1786.181048	 2495.342462	 812.506936	 281.172799
 15873.395261	 5168.395591	 1788.542899	 2495.342111	 812.506821	 281.172759
 15894.356134	 5175.220648	 1790.904750	 2495.341760	 812.506707	 281.172720
 15915.317004	 5182.045704	 1793.266601	 2495.341411	 812.506593	 281.172680
 15936.277871	 5188.870759	 1795.628452	 2495.341062	 812.506480	 281.172641
 15957.238735	 5195.695814	 1797.990302	 2495.340714	 812.506367	 281.172602
 15978.199596	 5202.520867	 1800.352151	 2495.340368	 812.506254	 281.172563
 15999.160455	 5209.345919	 1802.714001	 2495.340022	 812.506141	 281.172524
 16020.121310	 5216.170970	 1805.075850	 2495.339677	 812.506029	 281.172485
 16041.082163	 5222.996021	 1807.437699	 2495.339333	 812.505917	 281.172446
 16062.043012	 5229.821070	 1809.799547	 2495.338989	 812.505805	 281.172407
 16083.003859	 5236.646119	 1812.161395	 2495.338647	 812.505693	 281.172369
 16103.964703	 5243.471166	 1814.523243	 2495.338306	 812.505582	 281.172330
 16124.925544	 5250.296213	 1816.885091	 2495.337965	 812.505471	 281.172292
 16145.886382	 5257.121259	 1819.246938	 2495.337626	 812.505361	 281.172254
 16166.847217	 5263.946303	 1821.608785	 2495.337287	 812.505251	 281.172216
 16187.808050	 5270.771347	 1823.970631	 2495.336949	 812.505141	 281.172177
 16208.768879	 5277.596390	 1826.332477	 2495.336612	 812.505031	 281.172139
 16229.729706	 5284.421432	 1828.694323	 2495.336276	 812.504921	 281.172102
 16250.690530	 5291.246473	 1831.056169	 2495.335941	 812.504812	 281.172064
 16271.651351	 5298.071514	 1833.418014	 2495.335606	 812.504703	 281.172026
 16292.612170	 5304.896553	 1835.779859	 2495.335273	 812.504595	 281.171989
 16313.572985	 5311.721591	 1838.141704	 2495.334940	 812.504486	 281.171951
 16334.533798	 5318.546629	 1840.503548	 2495.334608	 812.504378	 281.171914
 16355.494608	 5325.371665	 1842.865392	 2495.334277	 812.504271	 281.171876
 16376.455415	 5332.196701	 1845.227236	 2495.333947	 812.504163	 281.171839
 16397.416220	 5339.021736	 1847.589079	 2495.333618	 812.504056	 281.171802
 16418.377021	 5345.846769	 1849.950922	 2495.333289	 812.503949	 281.171765
 16439.337820	 5352.671802	 1852.312765	 2495.332962	 812.503842	 281.171728
 16460.298616	 5359.496834	 1854.674607	 2495.332635	 812.503736	 281.171691
 16481.259410	 5366.321865	 1857.036449	 2495.332309	 812.503630	 281.171655
 16502.220200	 5373.146896	 1859.398291	 2495.331984	 812.503524	 281.171618
 16523.180988	 5379.971925	 1861.760133	 2495.331660	 812.503418	 281.171581
 16544.141773	 5386.796954	 1864.121974	 2495.331336	 812.503313	 281.171545
 16565.102556	 5393.621981	 1866.483815	 2495.331013	 812.503208	 281.171509
 16586.063336	 5400.447008	 1868.845655	 2495.330692	 812.503103	 281.171472
 16607.024113	 5407.272034	 1871.207496	 2495.330371	 812.502999	 281.171436
 16627.984887	 5414.097059	 1873.569336	 2495.330050	 812.502894	 281.171400
 16648.945659	 5420.922083	 1875.931175	 2495.329731	 812.502790	 281.171364
 16669.906428	 5427.747106	 1878.293015	 2495.329412	 812.502687	 281.171328
 16690.867194	 5434.572128	 1880.654854	 2495.329095	 812.502583	 281.171292
 16711.827958	 5441.397150	 1883.016693	 2495.328778	 812.502480	 281.171257
 16732.788719	 5448.222170	 1885.378531	 2495.328461	 812.502377	 281.171221
 16753.749477	 5455.047190	 1887.740369	 2495.328146	 812.502274	 281.171186
 16774.710233	 5461.872209	 1890.102207	 2495.327831	 812.502172	 281.171150
 16795.670986	 5468.697227	 1892.464045	 2495.327518	 812.502070	 281.171115
 16816.631736	 5475.522244	 1894.825882	 2495.327205	 812.501968	 281.171079
 16837.592484	 5482.347260	 1897.187719	 2495.326892	 812.501866	 281.171044
 16858.553229	 5489.172276	 1899.549556	 2495.326581	 812.501765	 281.171009
 16879.513972	 5495.997290	 1901.911392	 2495.326270	 812.501663	 281.170974
 16900.474711	 5502.822304	 1904.273228	 2495.325960	 812.501563	 281.170939
 16921.435449	 5509.647317	 1906.635064	 2495.325651	 812.501462	 281.170904
 16942.396183	 5516.472329	 1908.996899	 2495.325343	 812.501361	 281.170870
 16963.356916	 5523.297340	 1911.358735	 2495.325035	 812.501261	 281.170835
 16984.317645	 5530.122350	 1913.720570	 2495.324728	 812.501161	 281.170800
 17005.278372	 5536.947360	 1916.082404	 2495.324422	 812.501062	 281.170766
 17026.239097	 5543.772369	 1918.444239	 2495.324117	 812.500962	 281.170732
 17047.199818	 5550.597376	 1920.806073	 2495.323812	 812.500863	 281.170697
 17068.160538	 5557.422383	 1923.167906	 2495.323508	 812.500764	 281.170663
 17089.121254	 5564.247390	 1925.529740	 2495.323205	 812.500665	 281.170629
 17110.081969	 5571.072395	 1927.891573	 2495.322903	 812.500567	 281.170595
 17131.042680	 5577.897399	 1930.253406	 2495.322601	 812.500469	 281.170561
 17152.003389	 5584.722403	 1932.615239	 2495.322300	 812.500371	 281.170527
 17172.964096	 5591.547406	 1934.977071	 2495.322000	 812.500273	 281.170493
 17193.924800	 5598.372408	 1937.338903	 2495.321700	 812.500176	 281.170459
 17214.885501	 5605.197409	 1939.700735	 2495.321402	 812.500078	 281.170426
 17235.846200	 5612.022410	 1942.062566	 2495.321104	 812.499981	 281.170392
 17256.806897	 5618.847409	 1944.424398	 2495.320806	 812.499884	 281.170359
 17277.767591	 5625.672408	 1946.786228	 2495.320510	 812.499788	 281.170325
 17298.728283	 5632.497406	 1949.148059	 2495.320214	 812.499692	 281.170292
 17319.688972	 5639.322403	 1951.509889	 2495.319919	 812.499596	 281.170259
 17340.649658	 5646.147400	 1953.871720	 2495.319625	 812.499500	 281.170225
 17361.610342	 5652.972395	 1956.233549	 2495.319331	 812.499404	 281.170192
 17382.571024	 5659.797390	 1958.595379	 2495.319038	 812.499309	 281.170159
 17403.531703	 5666.622384	 1960.957208	 2495.318746	 812.499213	 281.170126
 17424.492380	 5673.447377	 1963.319037	 2495.318454	 812.499119	 281.170094
 17445.453054	 5680.272369	 1965.680866	 2495.318163	 812.499024	 281.170061
 17466.413726	 5687.097361	 1968.042694	 2495.317873	 812.498929	 281.170028
 17487.374395	 5693.922352	 1970.404522	 2495.317584	 812.498835	 281.169995
 17508.335062	 5700.747342	 1972.766350	 2495.317295	 812.498741	 281.169963
 17529.295727	 5707.572331	 1975.128178	 2495.317007	 812.498647	 281.169930
 17550.256389	 5714.397319	 1977.490005	 2495.316719	 812.498554	 281.169898
 17571.217049	 5721.222307	 1979.851832	 2495.316433	 812.498460	 281.169866
 17592.177706	 5728.047294	 1982.213659	 2495.316147	 812.498367	 281.169834
 17613.138361	 5734.872280	 1984.575486	 2495.315861	 812.498274	 281.169801
 17634.099013	 5741.697265	 1986.937312	 2495.315577	 812.498182	 281.169769
 17655.059663	 5748.522249	 1989.299138	 2495.315293	 812.498089	 281.169737
 17676.020311	 5755.347233	 1991.660964	 2495.315009	 812.497997	 281.169705
 17696.980956	 5762.172216	 1994.022789	 2495.314727	 812.497905	 281.169674
 17717.941599	 5768.997198	 1996.384614	 2495.314445	 812.497813	 281.169642
 17738.902240	 5775.822180	 1998.746439	 2495.314163	 812.497722	 281.169610
 17759.862878	 5782.647160	 2001.108264	 2495.313883	 812.497630	 281.169578
 17780.823514	 5789.472140	 2003.470088	 2495.313603	 812.497539	 281.169547
 17801.784147	 5796.297119	 2005.831912	 2495.313323	 812.497448	 281.169515
 17822.744779	 5803.122098	 2008.193736	 2495.313045	 812.497357	 281.169484
 17843.705407	 5809.947075	 2010.555560	 2495.312767	 812.497267	 281.169453
 17864.666034	 5816.772052	 2012.917383	 2495.312489	 812.497176	 281.169421
 17885.626658	 5823.597028	 2015.279206	 2495.312213	 812.497086	 281.169390
 17906.587280	 5830.422003	 2017.641029	 2495.311937	 812.496996	 281.169359
 17927.547900	 5837.246978	 2020.002851	 2495.311661	 812.496907	 281.169328
 17948.508517	 5844.071952	 2022.364674	 2495.311387	 812.496817	 281.169297
 17969.469132	 5850.896925	 2024.726496	 2495.311112	 812.496728	 281.169266
 17990.429744	 5857.721897	 2027.088317	 2495.310839	 812.496639	 281.169235
 18011.390355	 5864.546868	 2029.450139	 2495.310566	 812.496550	 281.169205
 18032.350963	 5871.371839	 2031.811960	 2495.310294	 812.496462	 281.169174
 18053.311568	 5878.196809	 2034.173781	 2495.310022	 812.496373	 281.169143
 18074.272172	 5885.021778	 2036.535602	 2495.309751	 812.496285	 281.169113
 18095.232773	 5891.846747	 2038.897422	 2495.309481	 812.496197	 281.169082
 18116.193372	 5898.671715	 2041.259242	 2495.309211	 812.496109	 281.169052
 18137.153968	 5905.496682	 2043.621062	 2495.308942	 812.496021	 281.169022
 18158.114563	 5912.321648	 2045.982882	 2495.308674	 812.495934	 281.168992
 18179.075155	 5919.146614	 2048.344702	 2495.308406	 812.495847	 281.168961
 18200.035745	 5925.971579	 2050.706521	 2495.308139	 812.495760	 281.168931
 18220.996332	 5932.796543	 2053.068340	 2495.307872	 812.495673	 281.168901
 18241.956918	 5939.621506	 2055.430158	 2495.307606	 812.495586	 281.168871
 18262.917501	 5946.446469	 2057.791977	 2495.307341	 812.495500	 281.168841
 18283.878082	 5953.271431	 2060.153795	 2495.307076	 812.495414	 281.168811
 18304.838660	 5960.096392	 2062.515613	 2495.306812	 812.495328	 281.168782
 18325.799237	 5966.921353	 2064.877431	 2495.306548	 812.495242	 281.168752
 18346.759811	 5973.746312	 2067.239248	 2495.306285	 812.495156	 281.168722
 18367.720383	 5980.571271	 2069.601065	 2495.306023	 812.495071	 281.168693
 18388.680953	 5987.396230	 2071.962882	 2495.305761	 812.494986	 281.168663
 18409.641521	 5994.221187	 2074.324699	 2495.305500	 812.494901	 281.168634
 18430.602086	 6001.046144	 2076.686515	 2495.305240	 812.494816	 281.168605
 18451.562649	 6007.871101	 2079.048331	 2495.304980	 812.494731	 281.168575
 18472.523211	 6014.696056	 2081.410147	 2495.304720	 812.494647	 281.168546
 18493.483769	 6021.521011	 2083.771963	 2495.304461	 812.494563	 281.168517
 18514.444326	 6028.345965	 2086.133779	 2495.304203	 812.494478	 281.168488
 18535.404881	 6035.170918	 2088.495594	 2495.303946	 812.494395	 281.168459
 18556.365433	 6041.995871	 2090.857409	 2495.303689	 812.494311	 281.168430
 18577.325983	 6048.820823	 2093.219223	 2495.303432	 812.494227	 281.168401
 18598.286531	 6055.645774	 2095.581038	 2495.303176	 812.494144	 281.168372
 18619.247077	 6062.470725	 2097.942852	 2495.302921	 812.494061	 281.168343
 18640.207621	 6069.295675	 2100.304666	 2495.302666	 812.493978	 281.168315
 18661.168163	 6076.120624	 2102.666480	 2495.302412	 812.493895	 281.168286
 18682.128702	 6082.945572	 2105.028293	 2495.302158	 812.493813	 281.168257
 18703.089240	 6089.770520	 2107.390107	 2495.301905	 812.493730	 281.168229
 18724.049775	 6096.595467	 2109.751920	 2495.301653	 812.493648	 281.168200
 18745.010308	 6103.420414	 2112.113733	 2495.301401	 812.493566	 281.168172
 18765.970839	 6110.245359	 2114.475545	 2495.301150	 812.493484	 281.168144
 18786.931368	 6117.070304	 2116.837357	 2495.300899	 812.493403	 281.168115
 18807.891895	 6123.895249	 2119.199170	 2495.300649	 812.493321	 281.168087
 18828.852420	 6130.720192	 2121.560981	 2495.300399	 812.493240	 281.168059
 18849.812942	 6137.545135	 2123.922793	 2495.300150	 812.493159	 281.168031
 18870.773463	 6144.370078	 2126.284604	 2495.299901	 812.493078	 281.168003
 18891.733981	 6151.195019	 2128.646416	 2495.299654	 812.492997	 281.167975
 18912.694497	 6158.019960	 2131.008226	 2495.299406	 812.492916	 281.167947
 18933.655012	 6164.844900	 2133.370037	 2495.299159	 812.492836	 281.167919
 18954.615524	 6171.669840	 2135.731848	 2495.298913	 812.492756	 281.167892
 18975.576034	 6178.494779	 2138.093658	 2495.298667	 812.492676	 281.167864
 18996.536542	 6185.319717	 2140.455468	 2495.298422	 812.492596	 281.167836
 19017.497048	 6192.144655	 2142.817277	 2495.298177	 812.492516	 281.167809
 19038.457552	 6198.969592	 2145.179087	 2495.297933	 812.492437	 281.167781
 19059.418054	 6205.794528	 2147.540896	 2495.297689	 812.492358	 281.167754
 19080.378554	 6212.619463	 2149.902705	 2495.297446	 812.492278	 281.167726
 19101.339052	 6219.444398	 2152.264514	 2495.297204	 812.492199	 281.167699
 19122.299547	 6226.269332	 2154.626323	 2495.296962	 812.492121	 281.167672
 19143.260041	 6233.094266	 2156.988131	 2495.296720	 812.492042	 281.167645
 19164.220533	 6239.919199	 2159.349939	 2495.296479	 812.491963	 281.167617
 19185.181022	 6246.744131	 2161.711747	 2495.296239	 812.491885	 281.167590
 19206.141510	 6253.569063	 2164.073555	 2495.295999	 812.491807	 281.167563
 19227.101996	 6260.393994	 2166.435362	 2495.295759	 812.491729	 281.167536
 19248.062479	 6267.218924	 2168.797169	 2495.295520	 812.491651	 281.167509
 19269.022961	 6274.043854	 2171.158976	 2495.295282	 812.491574	 281.167483
 19289.983441	 6280.868783	 2173.520783	 2495.295044	 812.491496	 281.167456
 19310.943918	 6287.693711	 2175.882590	 2495.294807	 812.491419	 281.167429
 19331.904394	 6294.518639	 2178.244396	 2495.294570	 812.491342	 281.167402
 19352.864867	 6301.343566	 2180.606202	 2495.294334	 812.491265	 281.167376
 19373.825339	 6308.168492	 2182.968008	 2495.294098	 812.491188	 281.167349
 19394.785809	 6314.993418	 2185.329814	 2495.293863	 812.491112	 281.167323
 19415.746276	 6321.818343	 2187.691619	 2495.293628	 812.491035	 281.167296
 19436.706742	 6328.643267	 2190.053424	 2495.293394	 812.490959	 281.167270
 19457.667206	 6335.468191	 2192.415229	 2495.293160	 812.490883	 281.167243
 19478.627668	 6342.293114	 2194.777034	 2495.292927	 812.490807	 281.167217
 19499.588128	 6349.118037	 2197.138839	 2495.292694	 812.490731	 281.167191
 19520.548585	 6355.942959	 2199.500643	 2495.292462	 812.490655	 281.167165
 19541.509041	 6362.767880	 2201.862447	 2495.292230	 812.490580	 281.167139
 19562.469495	 6369.592801	 2204.224251	 2495.291999	 812.490505	 281.167113
 19583.429947	 6376.417721	 2206.586055	 2495.291768	 812.490430	 281.167087
 19604.390398	 6383.242640	 2208.947858	 2495.291538	 812.490355	 281.167061
 19625.350846	 6390.067559	 2211.309661	 2495.291308	 812.490280	 281.167035
 19646.311292	 6396.892477	 2213.671464	 2495.291079	 812.490205	 281.167009
 19667.271736	 6403.717394	 2216.033267	 2495.290850	 812.490131	 281.166983
 19688.232179	 6410.542311	 2218.395070	 2495.290622	 812.490056	 281.166957
 19709.192619	 6417.367227	 2220.756872	 2495.290394	 812.489982	 281.166932
 19730.153058	 6424.192143	 2223.118674	 2495.290166	 812.489908	 281.166906
 19751.113494	 6431.017058	 2225.480476	 2495.289940	 812.489834	 281.166881
 19772.073929	 6437.841972	 2227.842278	 2495.289713	 812.489760	 281.166855
 19793.034362	 6444.666886	 2230.204079	 2495.289487	 812.489687	 281.166830
 19813.994793	 6451.491799	 2232.565881	 2495.289262	 812.489614	 281.166804
 19834.955222	 6458.316712	 2234.927682	 2495.289037	 812.489540	 281.166779
 19855.915649	 6465.141624	 2237.289482	 2495.288813	 812.489467	 281.166754
 19876.876074	 6471.966535	 2239.651283	 2495.288589	 812.489394	 281.166728
 19897.836498	 6478.791446	 2242.013084	 2495.288365	 812.489322	 281.166703
 19918.796919	 6485.616356	 2244.374884	 2495.288142	 812.489249	 281.166678
 19939.757339	 6492.441265	 2246.736684	 2495.287919	 812.489176	 281.166653
 19960.717757	 6499.266174	 2249.098484	 2495.287697	 812.489104	 281.166628
 19981.678173	 6506.091082	 2251.460283	 2495.287476	 812.489032	 281.166603
 20002.638587	 6512.915990	 2253.822083	 2495.287255	 812.488960	 281.166578
 20023.598999	 6519.740897	 2256.183882	 2495.287034	 812.488888	 281.166553
 20044.559409	 6526.565803	 2258.545681	 2495.286814	 812.488816	 281.166528
 20065.519818	 6533.390709	 2260.907479	 2495.286594	 812.488745	 281.166504
 20086.480224	 6540.215614	 2263.269278	 2495.286374	 812.488673	 281.166479
 20107.440629	 6547.040519	 2265.631076	 2495.286156	 812.488602	 281.166454
 20128.401032	 6553.865423	 2267.992874	 2495.285937	 812.488531	 281.166430
 20149.361433	 6560.690326	 2270.354672	 2495.285719	 812.488460	 281.166405
 20170.321833	 6567.515229	 2272.716470	 2495.285502	 812.488389	 281.166381
 20191.282230	 6574.340131	 2275.078268	 2495.285285	 812.488319	 281.166356
 20212.242626	 6581.165033	 2277.440065	 2495.285068	 812.488248	 281.166332
 20233.203019	 6587.989934	 2279.801862	 2495.284852	 812.488178	 281.166307
 20254.163411	 6594.814834	 2282.163659	 2495.284636	 812.488107	 281.166283
 20275.123802	 6601.639734	 2284.525456	 2495.284421	 812.488037	 281.166259
 20296.084190	 6608.464634	 2286.887252	 2495.284206	 812.487967	 281.166235
 20317.044577	 6615.289532	 2289.249048	 2495.283992	 812.487898	 281.166210
 20338.004961	 6622.114430	 2291.610844	 2495.283778	 812.487828	 281.166186
 20358.965344	 6628.939328	 2293.972640	 2495.283564	 812.487758	 281.166162
 20379.925726	 6635.764225	 2296.334436	 2495.283351	 812.487689	 281.166138
 20400.886105	 6642.589121	 2298.696232	 2495.283139	 812.487620	 281.166114
 20421.846483	 6649.414017	 2301.058027	 2495.282926	 812.487551	 281.166090
 20442.806858	 6656.238912	 2303.419822	 2495.282715	 812.487482	 281.166067
 20463.767233	 6663.063807	 2305.781617	 2495.282503	 812.487413	 281.166043
 20484.727605	 6669.888701	 2308.143411	 2495.282293	 812.487344	 281.166019
 20505.687975	 6676.713594	 2310.505206	 2495.282082	 812.487276	 281.165995
 20526.648344	 6683.538487	 2312.867000	 2495.281872	 812.487207	 281.165972
 20547.608711	 6690.363379	 2315.228794	 2495.281662	 812.487139	 281.165948
 20568.569076	 6697.188271	 2317.590588	 2495.281453	 812.487071	 281.165924
 20589.529440	 6704.013162	 2319.952382	 2495.281245	 812.487003	 281.165901
 20610.489801	 6710.838053	 2322.314175	 2495.281036	 812.486935	 281.165877
 20631.450161	 6717.662943	 2324.675969	 2495.280828	 812.486868	 281.165854
 20652.410520	 6724.487832	 2327.037762	 2495.280621	 812.486800	 281.165831
 20673.370876	 6731.312721	 2329.399555	 2495.280414	 812.486733	 281.165807
 20694.331231	 6738.137609	 2331.761347	 2495.280207	 812.486665	 281.165784
 20715.291584	 6744.962497	 2334.123140	 2495.280001	 812.486598	 281.165761
 20736.251935	 6751.787384	 2336.484932	 2495.279795	 812.486531	 281.165738
 20757.212285	 6758.612271	 2338.846724	 2495.279590	 812.486464	 281.165714
 20778.172632	 6765.437157	 2341.208516	 2495.279385	 812.486398	 281.165691
 20799.132978	 6772.262043	 2343.570308	 2495.279180	 812.486331	 281.165668
 20820.093323	 6779.086927	 2345.932099	 2495.278976	 812.486264	 281.165645
 20841.053665	 6785.911812	 2348.293891	 2495.278773	 812.486198	 281.165622
 20862.014006	 6792.736696	 2350.655682	 2495.278569	 812.486132	 281.165599
 20882.974346	 6799.561579	 2353.017473	 2495.278366	 812.486066	 281.165577
 20903.934683	 6806.386462	 2355.379264	 2495.278164	 812.486000	 281.165554
 20924.895019	 6813.211344	 2357.741054	 2495.277962	 812.485934	 281.165531
 20945.855353	 6820.036225	 2360.102844	 2495.277760	 812.485868	 281.165508
