 4.709080	 1.499833	 0.515005	 -1730.465009	 -559.959163	 -193.640998
 -5.079901	 -1.652613	 -0.574317	 -2511.149954	 -811.852424	 -280.515917
 -35.924696	 -11.573242	 -3.997713	 -2135.420489	 -691.422651	 -238.933206
 -92.269331	 -29.761092	 -10.278551	 -2118.998692	 -686.130789	 -237.105817
 -170.637445	 -55.117919	 -19.040080	 -2115.125302	 -684.879994	 -236.673757
 -270.624661	 -87.513346	 -30.237293	 -2113.714859	 -684.423933	 -236.516183
 -392.046809	 -126.887779	 -43.849598	 -2113.072854	 -684.216150	 -236.444377
 -534.799393	 -173.207352	 -59.865289	 -2112.737122	 -684.107414	 -236.406795
 -698.815310	 -226.450298	 -78.276840	 -2112.543945	 -684.044814	 -236.385156
 -884.047898	 -286.601469	 -99.079012	 -2112.424708	 -684.006158	 -236.371792
 -1090.462857	 -353.649727	 -122.267955	 -2112.347031	 -683.980966	 -236.363082
 -1318.033922	 -427.586540	 -147.840717	 -2112.294215	 -683.963831	 -236.357158
 -1566.740344	 -508.405167	 -175.794966	 -2112.257027	 -683.951763	 -236.352985
 -1836.565317	 -596.100145	 -206.128813	 -2112.230074	 -683.943015	 -236.349960
 -2127.494955	 -690.666961	 -238.840697	 -2112.210053	 -683.936515	 -236.347712
 -2439.517591	 -792.101822	 -273.929305	 -2112.194868	 -683.931584	 -236.346007
 -2772.623284	 -900.401496	 -311.393520	 -2112.183138	 -683.927775	 -236.344690
 -3126.803466	 -1015.563197	 -351.232378	 -2112.173933	 -683.924785	 -236.343656
 -3502.050671	 -1137.584496	 -393.445038	 -2112.166606	 -683.922405	 -236.342833
 -3898.358341	 -1266.463262	 -438.030763	 -2112.160702	 -683.920487	 -236.342169
 -4315.720665	 -1402.197603	 -484.988899	 -2112.155890	 -683.918924	 -236.341628
 -4754.132460	 -1544.785834	 -534.318862	 -2112.151929	 -683.917636	 -236.341183
 -5213.589075	 -1694.226443	 -586.020130	 -2112.148638	 -683.916567	 -236.340813
 -5694.086312	 -1850.518064	 -640.092230	 -2112.145881	 -683.915671	 -236.340503
 -6195.620364	 -2013.659458	 -696.534733	 -2112.143555	 -683.914915	 -236.340242
 -6718.187763	 -2183.649497	 -755.347249	 -2112.141577	 -683.914272	 -236.340020
 -7261.785334	 -2360.487147	 -816.529421	 -2112.139886	 -683.913722	 -236.339829
 -7826.410162	 -2544.171462	 -880.080920	 -2112.138430	 -683.913249	 -236.339666
 -8412.059560	 -2734.701566	 -946.001444	 -2112.137171	 -683.912840	 -236.339524
 -9018.731046	 -2932.076652	 -1014.290714	 -2112.136076	 -683.912484	 -236.339401
 -9646.422316	 -3136.295969	 -1084.948469	 -2112.135119	 -683.912173	 -236.339293
 -10295.131227	 -3347.358822	 -1157.974470	 -2112.134280	 -683.911900	 -236.339199
 -10964.855784	 -3565.264560	 -1233.368491	 -2112.133540	 -683.911659	 -236.339116
 -11655.594120	 -3790.012577	 -1311.130322	 -2112.132885	 -683.911446	 -236.339042
 -12367.344489	 -4021.602303	 -1391.259767	 -2112.132304	 -683.911257	 -236.338977
 -13100.105249	 -4260.033205	 -1473.756640	 -2112.131786	 -683.911089	 -236.338918
 -13853.874860	 -4505.304781	 -1558.620769	 -2112.131323	 -683.910938	 -236.338866
 -14628.651867	 -4757.416559	 -1645.851989	 -2112.130907	 -683.910803	 -236.338819
 -15424.434901	 -5016.368092	 -1735.450146	 -2112.130534	 -683.910682	 -236.338777
 -16241.222665	 -5282.158958	 -1827.415094	 -2112.130197	 -683.910572	 -236.338740
 -17079.013932	 -5554.788759	 -1921.746695	 -2112.129893	 -683.910473	 -236.338705
 -17937.807539	 -5834.257115	 -2018.444818	 -2112.129617	 -683.910384	 -236.338674
 -18817.602382	 -6120.563667	 -2117.509340	 -2112.129366	 -683.910302	 -236.338646
 -19718.397411	 -6413.708074	 -2218.940140	 -2112.129138	 -683.910228	 -236.338620
 -20640.191626	 -6713.690010	 -2322.737107	 -2112.128930	 -683.910160	 -236.338597
 -21582.984075	 -7020.509166	 -2428.900134	 -2112.128739	 -683.910098	 -236.338575
 -22546.773849	 -7334.165244	 -2537.429119	 -2112.128565	 -683.910041	 -236.338556
 -23531.560082	 -7654.657965	 -2648.323963	 -2112.128405	 -683.909989	 -236.338538
 -24537.341942	 -7981.987056	 -2761.584573	 -2112.128257	 -683.909941	 -236.338521
 -25564.118637	 -8316.152259	 -2877.210860	 -2112.128122	 -683.909897	 -236.338506
 -26611.889404	 -8657.153328	 -2995.202738	 -2112.127996	 -683.909856	 -236.338492
 -27680.653516	 -9004.990025	 -3115.560125	 -2112.127881	 -683.909819	 -236.338479
 -28770.410272	 -9359.662122	 -3238.282942	 -2112.127774	 -683.909784	 -236.338467
 -29881.159000	 -9721.169399	 -3363.371114	 -2112.127674	 -683.909752	 -236.338456
 -31012.899053	 -10089.511648	 -3490.824567	 -2112.127582	 -683.909722	 -236.338445
 -32165.629811	 -10464.688665	 -3620.643232	 -2112.127496	 -683.909694	 -236.338436
 -33339.350676	 -10846.700256	 -3752.827041	 -2112.127417	 -683.909668	 -236.338427
 -34534.061069	 -11235.546233	 -3887.375929	 -2112.127342	 -683.909644	 -236.338418
 -35749.760437	 -11631.226415	 -4024.289835	 -2112.127273	 -683.909621	 -236.338410
 -36986.448243	 -12033.740628	 -4163.568696	 -2112.127208	 -683.909600	 -236.338403
 -38244.123970	 -12443.088704	 -4305.212456	 -2112.127148	 -683.909580	 -236.338396
 -39522.787118	 -12859.270480	 -4449.221058	 -2112.127091	 -683.909562	 -236.338390
 -40822.437205	 -13282.285798	 -4595.594447	 -2112.127038	 -683.909545	 -236.338384
 -42143.073762	 -13712.134507	 -4744.332571	 -2112.126988	 -683.909528	 -236.338378
 -43484.696339	 -14148.816460	 -4895.435379	 -2112.126941	 -683.909513	 -236.338373
 -44847.304498	 -14592.331513	 -5048.902821	 -2112.126897	 -683.909499	 -236.338368
 -46230.897816	 -15042.679531	 -5204.734851	 -2112.126856	 -683.909485	 -236.338363
 -47635.475882	 -15499.860378	 -5362.931422	 -2112.126817	 -683.909473	 -236.338359
 -49061.038298	 -15963.873925	 -5523.492488	 -2112.126780	 -683.909461	 -236.338355
 -50507.584679	 -16434.720047	 -5686.418007	 -2112.126745	 -683.909449	 -236.338351
 -51975.114649	 -16912.398622	 -5851.707936	 -2112.126712	 -683.909439	 -236.338347
 -53463.627845	 -17396.909530	 -6019.362235	 -2112.126681	 -683.909429	 -236.338344
 -54973.123914	 -17888.252659	 -6189.380863	 -2112.126652	 -683.909419	 -236.338341
 -56503.602512	 -18386.427895	 -6361.763782	 -2112.126624	 -683.909410	 -236.338337
 -58055.063307	 -18891.435129	 -6536.510955	 -2112.126598	 -683.909401	 -236.338334
 -59627.505974	 -19403.274258	 -6713.622344	 -2112.126573	 -683.909393	 -236.338332
 -61220.930196	 -19921.945177	 -6893.097914	 -2112.126550	 -683.909386	 -236.338329
 -62835.335668	 -20447.447787	 -7074.937631	 -2112.126527	 -683.909378	 -236.338326
 -64470.722090	 -20979.781990	 -7259.141461	 -2112.126506	 -683.909371	 -236.338324
 -66127.089171	 -21518.947692	 -7445.709371	 -2112.126486	 -683.909365	 -236.338322
 -67804.436627	 -22064.944801	 -7634.641330	 -2112.126466	 -683.909359	 -236.338320
 -69502.764182	 -22617.773225	 -7825.937305	 -2112.126448	 -683.909353	 -236.338318
 -71222.071566	 -23177.432878	 -8019.597268	 -2112.126431	 -683.909347	 -236.338316
 -72962.358517	 -23743.923675	 -8215.621187	 -2112.126414	 -683.909342	 -236.338314
 -74723.624778	 -24317.245531	 -8414.009035	 -2112.126398	 -683.909336	 -236.338312
 -76505.870099	 -24897.398365	 -8614.760782	 -2112.126383	 -683.909331	 -236.338310
 -78309.094236	 -25484.382097	 -8817.876402	 -2112.126369	 -683.909327	 -236.338309
 -80133.296950	 -26078.196651	 -9023.355868	 -2112.126355	 -683.909322	 -236.338307
 -81978.478009	 -26678.841950	 -9231.199154	 -2112.126342	 -683.909318	 -236.338306
 -83844.637186	 -27286.317921	 -9441.406233	 -2112.126329	 -683.909314	 -236.338304
 -85731.774257	 -27900.624490	 -9653.977081	 -2112.126317	 -683.909310	 -236.338303
 -87639.889005	 -28521.761587	 -9868.911674	 -2112.126306	 -683.909306	 -236.338302
 -89568.981219	 -29149.729144	 -10086.209986	 -2112.126295	 -683.909303	 -236.338300
 -91519.050691	 -29784.527091	 -10305.871996	 -2112.126284	 -683.909299	 -236.338299
 -93490.097217	 -30426.155365	 -10527.897680	 -2112.126274	 -683.909296	 -236.338298
 -95482.120599	 -31074.613898	 -10752.287016	 -2112.126264	 -683.909293	 -236.338297
 -97495.120642	 -31729.902629	 -10979.039982	 -2112.126255	 -683.909290	 -236.338296
 -99529.097156	 -32392.021495	 -11208.156556	 -2112.126246	 -683.909287	 -236.338295
 -101584.049954	 -33060.970436	 -11439.636717	 -2112.126237	 -683.909284	 -236.338294
 -103659.978854	 -33736.749392	 -11673.480445	 -2112.126229	 -683.909281	 -236.338293
 -105756.883676	 -34419.358304	 -11909.687720	 -2112.126221	 -683.909279	 -236.338292
 -107874.764247	 -35108.797117	 -12148.258522	 -2112.126214	 -683.909276	 -236.338291
 -110013.620393	 -35805.065774	 -12389.192831	 -2112.126206	 -683.909274	 -236.338290
 -112173.451947	 -36508.164220	 -12632.490629	 -2112.126199	 -683.909272	 -236.338290
 -114354.258744	 -37218.092401	 -12878.151897	 -2112.126192	 -683.909269	 -236.338289
 -116556.040622	 -37934.850265	 -13126.176617	 -2112.126186	 -683.909267	 -236.338288
 -118778.797423	 -38658.437760	 -13376.564771	 -2112.126180	 -683.909265	 -236.338287
 -121022.528990	 -39388.854836	 -13629.316341	 -2112.126174	 -683.909263	 -236.338287
 -123287.235172	 -40126.101443	 -13884.431311	 -2112.126168	 -683.909261	 -236.338286
 -125572.915818	 -40870.177532	 -14141.909663	 -2112.126162	 -683.909260	 -236.338285
 -127879.570782	 -41621.083055	 -14401.751381	 -2112.126157	 -683.909258	 -236.338285
 -130207.199918	 -42378.817966	 -14663.956448	 -2112.126152	 -683.909256	 -236.338284
 -132555.803087	 -43143.382217	 -14928.524849	 -2112.126147	 -683.909254	 -236.338284
 -134925.380147	 -43914.775765	 -15195.456568	 -2112.126142	 -683.909253	 -236.338283
 -137315.930964	 -44692.998564	 -15464.751589	 -2112.126137	 -683.909251	 -236.338283
 -139727.455402	 -45478.050571	 -15736.409898	 -2112.126133	 -683.909250	 -236.338282
 -142159.953330	 -46269.931742	 -16010.431479	 -2112.126128	 -683.909248	 -236.338282
 -144613.424619	 -47068.642036	 -16286.816319	 -2112.126124	 -683.909247	 -236.338281
 -147087.869140	 -47874.181412	 -16565.564402	 -2112.126120	 -683.909246	 -236.338281
 -149583.286770	 -48686.549828	 -16846.675714	 -2112.126116	 -683.909244	 -236.338280
 -152099.677384	 -49505.747244	 -17130.150242	 -2112.126112	 -683.909243	 -236.338280
 -154637.040863	 -50331.773622	 -17415.987973	 -2112.126108	 -683.909242	 -236.338279
 -157195.377087	 -51164.628921	 -17704.188892	 -2112.126105	 -683.909241	 -236.338279
 -159774.685939	 -52004.313106	 -17994.752986	 -2112.126101	 -683.909240	 -236.338279
 -162374.967305	 -52850.826137	 -18287.680244	 -2112.126098	 -683.909239	 -236.338278
 -164996.221071	 -53704.167979	 -18582.970651	 -2112.126095	 -683.909238	 -236.338278
 -167638.447126	 -54564.338594	 -18880.624195	 -2112.126092	 -683.909237	 -236.338277
 -170301.645361	 -55431.337947	 -19180.640864	 -2112.126089	 -683.909236	 -236.338277
 -172985.815667	 -56305.166004	 -19483.020646	 -2112.126086	 -683.909235	 -236.338277
 -175690.957940	 -57185.822730	 -19787.763529	 -2112.126083	 -683.909234	 -236.338276
 -178417.072073	 -58073.308090	 -20094.869501	 -2112.126080	 -683.909233	 -236.338276
 -181164.157966	 -58967.622051	 -20404.338551	 -2112.126077	 -683.909232	 -236.338276
 -183932.215516	 -59868.764581	 -20716.170667	 -2112.126075	 -683.909231	 -236.338276
 -186721.244624	 -60776.735646	 -21030.365838	 -2112.126072	 -683.909230	 -236.338275
 -189531.245192	 -61691.535216	 -21346.924052	 -2112.126070	 -683.909229	 -236.338275
 -192362.217122	 -62613.163257	 -21665.845300	 -2112.126067	 -683.909229	 -236.338275
 -195214.160321	 -63541.619741	 -21987.129570	 -2112.126065	 -683.909228	 -236.338274
 -198087.074694	 -64476.904635	 -22310.776851	 -2112.126063	 -683.909227	 -236.338274
 -200980.960150	 -65419.017910	 -22636.787134	 -2112.126060	 -683.909226	 -236.338274
 -203895.816595	 -66367.959537	 -22965.160408	 -2112.126058	 -683.909226	 -236.338274
 -206831.643942	 -67323.729485	 -23295.896663	 -2112.126056	 -683.909225	 -236.338273
 -209788.442102	 -68286.327727	 -23628.995889	 -2112.126054	 -683.909224	 -236.338273
 -212766.210987	 -69255.754234	 -23964.458076	 -2112.126052	 -683.909224	 -236.338273
 -215764.950512	 -70232.008977	 -24302.283215	 -2112.126050	 -683.909223	 -236.338273
 -218784.660592	 -71215.091930	 -24642.471295	 -2112.126049	 -683.909223	 -236.338273
 -221825.341144	 -72205.003066	 -24985.022308	 -2112.126047	 -683.909222	 -236.338272
 -224886.992084	 -73201.742356	 -25329.936244	 -2112.126045	 -683.909221	 -236.338272
 -227969.613333	 -74205.309775	 -25677.213095	 -2112.126043	 -683.909221	 -236.338272
 -231073.204809	 -75215.705298	 -26026.852850	 -2112.126042	 -683.909220	 -236.338272
 -234197.766434	 -76232.928897	 -26378.855502	 -2112.126040	 -683.909220	 -236.338272
 -237343.298130	 -77256.980548	 -26733.221041	 -2112.126038	 -683.909219	 -236.338271
 -240509.799820	 -78287.860226	 -27089.949459	 -2112.126037	 -683.909219	 -236.338271
 -243697.271429	 -79325.567906	 -27449.040746	 -2112.126035	 -683.909218	 -236.338271
 -246905.712880	 -80370.103563	 -27810.494896	 -2112.126034	 -683.909218	 -236.338271
 -250135.124102	 -81421.467175	 -28174.311899	 -2112.126033	 -683.909217	 -236.338271
 -253385.505020	 -82479.658716	 -28540.491748	 -2112.126031	 -683.909217	 -236.338271
 -256656.855562	 -83544.678163	 -28909.034433	 -2112.126030	 -683.909217	 -236.338270
 -259949.175658	 -84616.525494	 -29279.939948	 -2112.126029	 -683.909216	 -236.338270
 -263262.465238	 -85695.200686	 -29653.208284	 -2112.126027	 -683.909216	 -236.338270
 -266596.724232	 -86780.703715	 -30028.839433	 -2112.126026	 -683.909215	 -236.338270
 -269951.952573	 -87873.034560	 -30406.833389	 -2112.126025	 -683.909215	 -236.338270
 -273328.150191	 -88972.193199	 -30787.190142	 -2112.126024	 -683.909214	 -236.338270
 -276725.317022	 -90078.179611	 -31169.909686	 -2112.126023	 -683.909214	 -236.338270
 -280143.452999	 -91190.993773	 -31554.992013	 -2112.126021	 -683.909214	 -236.338270
 -283582.558058	 -92310.635664	 -31942.437116	 -2112.126020	 -683.909213	 -236.338269
 -287042.632133	 -93437.105264	 -32332.244988	 -2112.126019	 -683.909213	 -236.338269
 -290523.675162	 -94570.402552	 -32724.415621	 -2112.126018	 -683.909213	 -236.338269
 -294025.687082	 -95710.527508	 -33118.949009	 -2112.126017	 -683.909212	 -236.338269
 -297548.667831	 -96857.480111	 -33515.845144	 -2112.126016	 -683.909212	 -236.338269
 -301092.617349	 -98011.260342	 -33915.104020	 -2112.126015	 -683.909212	 -236.338269
 -304657.535574	 -99171.868180	 -34316.725630	 -2112.126014	 -683.909211	 -236.338269
 -308243.422447	 -100339.303608	 -34720.709966	 -2112.126013	 -683.909211	 -236.338269
 -311850.277909	 -101513.566604	 -35127.057024	 -2112.126012	 -683.909211	 -236.338269
 -315478.101901	 -102694.657151	 -35535.766795	 -2112.126011	 -683.909211	 -236.338268
 -319126.894367	 -103882.575229	 -35946.839273	 -2112.126011	 -683.909210	 -236.338268
 -322796.655250	 -105077.320821	 -36360.274453	 -2112.126010	 -683.909210	 -236.338268
 -326487.384492	 -106278.893907	 -36776.072327	 -2112.126009	 -683.909210	 -236.338268
 -330199.082038	 -107487.294470	 -37194.232890	 -2112.126008	 -683.909209	 -236.338268
 -333931.747834	 -108702.522491	 -37614.756134	 -2112.126007	 -683.909209	 -236.338268
 -337685.381825	 -109924.577954	 -38037.642055	 -2112.126007	 -683.909209	 -236.338268
 -341459.983957	 -111153.460840	 -38462.890646	 -2112.126006	 -683.909209	 -236.338268
 -345255.554176	 -112389.171132	 -38890.501901	 -2112.126005	 -683.909208	 -236.338268
 -349072.092432	 -113631.708813	 -39320.475813	 -2112.126004	 -683.909208	 -236.338268
 -352909.598671	 -114881.073866	 -39752.812379	 -2112.126004	 -683.909208	 -236.338268
 -356768.072841	 -116137.266275	 -40187.511590	 -2112.126003	 -683.909208	 -236.338267
 -360647.514893	 -117400.286023	 -40624.573442	 -2112.126002	 -683.909208	 -236.338267
 -364547.924776	 -118670.133093	 -41063.997930	 -2112.126002	 -683.909207	 -236.338267
 -368469.302440	 -119946.807469	 -41505.785046	 -2112.126001	 -683.909207	 -236.338267
 -372411.647836	 -121230.309135	 -41949.934787	 -2112.126000	 -683.909207	 -236.338267
 -376374.960915	 -122520.638076	 -42396.447146	 -2112.126000	 -683.909207	 -236.338267
 -380359.241629	 -123817.794276	 -42845.322118	 -2112.125999	 -683.909206	 -236.338267
 -384364.489931	 -125121.777719	 -43296.559697	 -2112.125998	 -683.909206	 -236.338267
 -388390.705773	 -126432.588390	 -43750.159879	 -2112.125998	 -683.909206	 -236.338267
 -392437.889108	 -127750.226273	 -44206.122658	 -2112.125997	 -683.909206	 -236.338267
 -396506.039891	 -129074.691354	 -44664.448029	 -2112.125997	 -683.909206	 -236.338267
 -400595.158075	 -130405.983617	 -45125.135986	 -2112.125996	 -683.909206	 -236.338267
 -404705.243616	 -131744.103049	 -45588.186525	 -2112.125996	 -683.909205	 -236.338267
 -408836.296469	 -133089.049634	 -46053.599641	 -2112.125995	 -683.909205	 -236.338267
 -412988.316589	 -134440.823358	 -46521.375328	 -2112.125995	 -683.909205	 -236.338267
 -417161.303932	 -135799.424207	 -46991.513582	 -2112.125994	 -683.909205	 -236.338266
 -421355.258456	 -137164.852166	 -47464.014397	 -2112.125994	 -683.909205	 -236.338266
 -425570.180117	 -138537.107222	 -47938.877770	 -2112.125993	 -683.909205	 -236.338266
 -429806.068872	 -139916.189361	 -48416.103694	 -2112.125993	 -683.909204	 -236.338266
 -434062.924680	 -141302.098569	 -48895.692166	 -2112.125992	 -683.909204	 -236.338266
 -438340.747499	 -142694.834832	 -49377.643180	 -2112.125992	 -683.909204	 -236.338266
 -442639.537287	 -144094.398138	 -49861.956733	 -2112.125991	 -683.909204	 -236.338266
 -446959.294004	 -145500.788472	 -50348.632818	 -2112.125991	 -683.909204	 -236.338266
 -451300.017609	 -146914.005821	 -50837.671433	 -2112.125990	 -683.909204	 -236.338266
 -455661.708062	 -148334.050173	 -51329.072572	 -2112.125990	 -683.909204	 -236.338266
 -460044.365324	 -149760.921515	 -51822.836231	 -2112.125990	 -683.909203	 -236.338266
 -464447.989354	 -151194.619833	 -52318.962405	 -2112.125989	 -683.909203	 -236.338266
 -468872.580115	 -152635.145116	 -52817.451090	 -2112.125989	 -683.909203	 -236.338266
 -473318.137567	 -154082.497349	 -53318.302282	 -2112.125988	 -683.909203	 -236.338266
 -477784.661673	 -155536.676522	 -53821.515976	 -2112.125988	 -683.909203	 -236.338266
 -482272.152394	 -156997.682622	 -54327.092168	 -2112.125988	 -683.909203	 -236.338266
 -486780.609693	 -158465.515637	 -54835.030854	 -2112.125987	 -683.909203	 -236.338266
 -491310.033532	 -159940.175553	 -55345.332030	 -2112.125987	 -683.909202	 -236.338266
 -495860.423876	 -161421.662361	 -55857.995692	 -2112.125986	 -683.909202	 -236.338266
 -500431.780688	 -162909.976046	 -56373.021835	 -2112.125986	 -683.909202	 -236.338266
 -505024.103931	 -164405.116599	 -56890.410455	 -2112.125986	 -683.909202	 -236.338266
 -509637.393569	 -165907.084007	 -57410.161548	 -2112.125985	 -683.909202	 -236.338265
 -514271.649568	 -167415.878259	 -57932.275111	 -2112.125985	 -683.909202	 -236.338265
 -518926.871892	 -168931.499343	 -58456.751140	 -2112.125985	 -683.909202	 -236.338265
 -523603.060507	 -170453.947247	 -58983.589630	 -2112.125984	 -683.909202	 -236.338265
 -528300.215377	 -171983.221962	 -59512.790577	 -2112.125984	 -683.909202	 -236.338265
 -533018.336469	 -173519.323475	 -60044.353978	 -2112.125984	 -683.909202	 -236.338265
 -537757.423748	 -175062.251775	 -60578.279829	 -2112.125984	 -683.909201	 -236.338265
 -542517.477182	 -176612.006852	 -61114.568126	 -2112.125983	 -683.909201	 -236.338265
 -547298.496737	 -178168.588695	 -61653.218866	 -2112.125983	 -683.909201	 -236.338265
 -552100.482379	 -179731.997292	 -62194.232044	 -2112.125983	 -683.909201	 -236.338265
 -556923.434077	 -181302.232634	 -62737.607657	 -2112.125982	 -683.909201	 -236.338265
 -561767.351798	 -182879.294710	 -63283.345702	 -2112.125982	 -683.909201	 -236.338265
 -566632.235509	 -184463.183509	 -63831.446174	 -2112.125982	 -683.909201	 -236.338265
 -571518.085179	 -186053.899021	 -64381.909070	 -2112.125982	 -683.909201	 -236.338265
 -576424.900776	 -187651.441236	 -64934.734387	 -2112.125981	 -683.909201	 -236.338265
 -581352.682269	 -189255.810143	 -65489.922121	 -2112.125981	 -683.909201	 -236.338265
 -586301.429627	 -190867.005733	 -66047.472269	 -2112.125981	 -683.909201	 -236.338265
 -591271.142819	 -192485.027995	 -66607.384826	 -2112.125980	 -683.909200	 -236.338265
 -596261.821815	 -194109.876919	 -67169.659790	 -2112.125980	 -683.909200	 -236.338265
 -601273.466584	 -195741.552496	 -67734.297158	 -2112.125980	 -683.909200	 -236.338265
 -606306.077096	 -197380.054716	 -68301.296925	 -2112.125980	 -683.909200	 -236.338265
 -611359.653322	 -199025.383569	 -68870.659089	 -2112.125979	 -683.909200	 -236.338265
 -616434.195232	 -200677.539045	 -69442.383646	 -2112.125979	 -683.909200	 -236.338265
 -621529.702797	 -202336.521136	 -70016.470593	 -2112.125979	 -683.909200	 -236.338265
 -626646.175988	 -204002.329831	 -70592.919926	 -2112.125979	 -683.909200	 -236.338265
 -631783.614775	 -205674.965121	 -71171.731643	 -2112.125979	 -683.909200	 -236.338265
 -636942.019131	 -207354.426997	 -71752.905739	 -2112.125978	 -683.909200	 -236.338265
 -642121.389028	 -209040.715449	 -72336.442213	 -2112.125978	 -683.909200	 -236.338265
 -647321.724436	 -210733.830469	 -72922.341061	 -2112.125978	 -683.909200	 -236.338265
 -652543.025329	 -212433.772048	 -73510.602279	 -2112.125978	 -683.909200	 -236.338265
 -657785.291678	 -214140.540176	 -74101.225865	 -2112.125978	 -683.909199	 -236.338265
 -663048.523457	 -215854.134844	 -74694.211815	 -2112.125977	 -683.909199	 -236.338265
 -668332.720637	 -217574.556045	 -75289.560127	 -2112.125977	 -683.909199	 -236.338265
 -673637.883193	 -219301.803768	 -75887.270797	 -2112.125977	 -683.909199	 -236.338265
 -678964.011097	 -221035.878005	 -76487.343822	 -2112.125977	 -683.909199	 -236.338265
 -684311.104323	 -222776.778748	 -77089.779200	 -2112.125977	 -683.909199	 -236.338264
 -689679.162844	 -224524.505988	 -77694.576927	 -2112.125976	 -683.909199	 -236.338264
 -695068.186635	 -226279.059717	 -78301.737001	 -2112.125976	 -683.909199	 -236.338264
 -700478.175669	 -228040.439925	 -78911.259418	 -2112.125976	 -683.909199	 -236.338264
 -705909.129921	 -229808.646605	 -79523.144175	 -2112.125976	 -683.909199	 -236.338264
 -711361.049365	 -231583.679749	 -80137.391271	 -2112.125976	 -683.909199	 -236.338264
 -716833.933976	 -233365.539347	 -80754.000701	 -2112.125975	 -683.909199	 -236.338264
 -722327.783729	 -235154.225393	 -81372.972463	 -2112.125975	 -683.909199	 -236.338264
 -727842.598599	 -236949.737877	 -81994.306555	 -2112.125975	 -683.909199	 -236.338264
 -733378.378560	 -238752.076793	 -82618.002973	 -2112.125975	 -683.909199	 -236.338264
 -738935.123590	 -240561.242130	 -83244.061715	 -2112.125975	 -683.909199	 -236.338264
 -744512.833662	 -242377.233883	 -83872.482778	 -2112.125975	 -683.909199	 -236.338264
 -750111.508754	 -244200.052043	 -84503.266159	 -2112.125975	 -683.909198	 -236.338264
 -755731.148840	 -246029.696602	 -85136.411855	 -2112.125974	 -683.909198	 -236.338264
 -761371.753898	 -247866.167552	 -85771.919865	 -2112.125974	 -683.909198	 -236.338264
 -767033.323903	 -249709.464886	 -86409.790184	 -2112.125974	 -683.909198	 -236.338264
 -772715.858832	 -251559.588596	 -87050.022811	 -2112.125974	 -683.909198	 -236.338264
 -778419.358662	 -253416.538675	 -87692.617743	 -2112.125974	 -683.909198	 -236.338264
 -784143.823370	 -255280.315114	 -88337.574977	 -2112.125974	 -683.909198	 -236.338264
 -789889.252932	 -257150.917907	 -88984.894511	 -2112.125973	 -683.909198	 -236.338264
 -795655.647326	 -259028.347046	 -89634.576343	 -2112.125973	 -683.909198	 -236.338264
 -801443.006530	 -260912.602524	 -90286.620468	 -2112.125973	 -683.909198	 -236.338264
 -807251.330521	 -262803.684333	 -90941.026886	 -2112.125973	 -683.909198	 -236.338264
 -813080.619276	 -264701.592467	 -91597.795594	 -2112.125973	 -683.909198	 -236.338264
 -818930.872773	 -266606.326917	 -92256.926588	 -2112.125973	 -683.909198	 -236.338264
 -824802.090991	 -268517.887677	 -92918.419867	 -2112.125973	 -683.909198	 -236.338264
 -830694.273908	 -270436.274740	 -93582.275429	 -2112.125973	 -683.909198	 -236.338264
 -836607.421502	 -272361.488098	 -94248.493270	 -2112.125972	 -683.909198	 -236.338264
 -842541.533751	 -274293.527745	 -94917.073388	 -2112.125972	 -683.909198	 -236.338264
 -848496.610634	 -276232.393673	 -95588.015781	 -2112.125972	 -683.909198	 -236.338264
 -854472.652131	 -278178.085877	 -96261.320447	 -2112.125972	 -683.909198	 -236.338264
 -860469.658219	 -280130.604348	 -96936.987382	 -2112.125972	 -683.909198	 -236.338264
 -866487.628879	 -282089.949081	 -97615.016586	 -2112.125972	 -683.909198	 -236.338264
 -872526.564088	 -284056.120067	 -98295.408055	 -2112.125972	 -683.909198	 -236.338264
 -878586.463828	 -286029.117302	 -98978.161787	 -2112.125972	 -683.909198	 -236.338264
 -884667.328076	 -288008.940777	 -99663.277780	 -2112.125971	 -683.909197	 -236.338264
 -890769.156814	 -289995.590487	 -100350.756031	 -2112.125971	 -683.909197	 -236.338264
 -896891.950020	 -291989.066425	 -101040.596538	 -2112.125971	 -683.909197	 -236.338264
 -903035.707675	 -293989.368584	 -101732.799300	 -2112.125971	 -683.909197	 -236.338264
 -909200.429759	 -295996.496958	 -102427.364313	 -2112.125971	 -683.909197	 -236.338264
 -915386.116251	 -298010.451540	 -103124.291576	 -2112.125971	 -683.909197	 -236.338264
 -921592.767134	 -300031.232324	 -103823.581086	 -2112.125971	 -683.909197	 -236.338264
 -927820.382385	 -302058.839303	 -104525.232841	 -2112.125971	 -683.909197	 -236.338264
 -934068.961988	 -304093.272472	 -105229.246839	 -2112.125971	 -683.909197	 -236.338264
 -940338.505922	 -306134.531824	 -105935.623078	 -2112.125971	 -683.909197	 -236.338264
 -946629.014167	 -308182.617353	 -106644.361555	 -2112.125970	 -683.909197	 -236.338264
 -952940.486706	 -310237.529053	 -107355.462269	 -2112.125970	 -683.909197	 -236.338264
 -959272.923520	 -312299.266917	 -108068.925217	 -2112.125970	 -683.909197	 -236.338264
 -965626.324589	 -314367.830939	 -108784.750398	 -2112.125970	 -683.909197	 -236.338264
 -972000.689895	 -316443.221114	 -109502.937808	 -2112.125970	 -683.909197	 -236.338264
 -978396.019419	 -318525.437435	 -110223.487447	 -2112.125970	 -683.909197	 -236.338264
 -984812.313144	 -320614.479897	 -110946.399311	 -2112.125970	 -683.909197	 -236.338264
 -991249.571050	 -322710.348493	 -111671.673400	 -2112.125970	 -683.909197	 -236.338264
 -997707.793120	 -324813.043217	 -112399.309710	 -2112.125970	 -683.909197	 -236.338264
 -1004186.979336	 -326922.564064	 -113129.308240	 -2112.125970	 -683.909197	 -236.338264
 -1010687.129680	 -329038.911028	 -113861.668988	 -2112.125969	 -683.909197	 -236.338264
 -1017208.244134	 -331162.084103	 -114596.391952	 -2112.125969	 -683.909197	 -236.338264
 -1023750.322681	 -333292.083284	 -115333.477130	 -2112.125969	 -683.909197	 -236.338264
 -1030313.365302	 -335428.908564	 -116072.924519	 -2112.125969	 -683.909197	 -236.338264
 -1036897.371981	 -337572.559937	 -116814.734119	 -2112.125969	 -683.909197	 -236.338264
 -1043502.342700	 -339723.037399	 -117558.905926	 -2112.125969	 -683.909197	 -236.338264
 -1050128.277442	 -341880.340944	 -118305.439940	 -2112.125969	 -683.909197	 -236.338264
 -1056775.176190	 -344044.470566	 -119054.336157	 -2112.125969	 -683.909197	 -236.338264
 -1063443.038927	 -346215.426260	 -119805.594577	 -2112.125969	 -683.909197	 -236.338264
 -1070131.865636	 -348393.208019	 -120559.215197	 -2112.125969	 -683.909197	 -236.338264
 -1076841.656300	 -350577.815839	 -121315.198015	 -2112.125969	 -683.909197	 -236.338264
 -1083572.410902	 -352769.249715	 -122073.543030	 -2112.125969	 -683.909197	 -236.338264
 -1090324.129427	 -354967.509640	 -122834.250239	 -2112.125969	 -683.909197	 -236.338264
 -1097096.811857	 -357172.595609	 -123597.319641	 -2112.125968	 -683.909197	 -236.338264
 -1103890.458176	 -359384.507618	 -124362.751235	 -2112.125968	 -683.909196	 -236.338264
 -1110705.068368	 -361603.245661	 -125130.545017	 -2112.125968	 -683.909196	 -236.338264
 -1117540.642417	 -363828.809732	 -125900.700986	 -2112.125968	 -683.909196	 -236.338264
 -1124397.180307	 -366061.199826	 -126673.219141	 -2112.125968	 -683.909196	 -236.338264
 -1131274.682021	 -368300.415939	 -127448.099480	 -2112.125968	 -683.909196	 -236.338264
 -1138173.147545	 -370546.458064	 -128225.342001	 -2112.125968	 -683.909196	 -236.338264
 -1145092.576861	 -372799.326197	 -129004.946701	 -2112.125968	 -683.909196	 -236.338264
 -1152032.969955	 -375059.020334	 -129786.913580	 -2112.125968	 -683.909196	 -236.338264
 -1158994.326811	 -377325.540467	 -130571.242636	 -2112.125968	 -683.909196	 -236.338264
 -1165976.647413	 -379598.886594	 -131357.933866	 -2112.125968	 -683.909196	 -236.338263
 -1172979.931746	 -381879.058708	 -132146.987270	 -2112.125968	 -683.909196	 -236.338263
 -1180004.179794	 -384166.056804	 -132938.402845	 -2112.125968	 -683.909196	 -236.338263
 -1187049.391544	 -386459.880879	 -133732.180590	 -2112.125968	 -683.909196	 -236.338263
 -1194115.566978	 -388760.530926	 -134528.320502	 -2112.125968	 -683.909196	 -236.338263
 -1201202.706083	 -391068.006940	 -135326.822581	 -2112.125967	 -683.909196	 -236.338263
 -1208310.808844	 -393382.308918	 -136127.686825	 -2112.125967	 -683.909196	 -236.338263
 -1215439.875245	 -395703.436855	 -136930.913231	 -2112.125967	 -683.909196	 -236.338263
 -1222589.905271	 -398031.390744	 -137736.501799	 -2112.125967	 -683.909196	 -236.338263
 -1229760.898909	 -400366.170582	 -138544.452526	 -2112.125967	 -683.909196	 -236.338263
 -1236952.856144	 -402707.776364	 -139354.765411	 -2112.125967	 -683.909196	 -236.338263
 -1244165.776961	 -405056.208085	 -140167.440453	 -2112.125967	 -683.909196	 -236.338263
 -1251399.661345	 -407411.465740	 -140982.477649	 -2112.125967	 -683.909196	 -236.338263
 -1258654.509283	 -409773.549326	 -141799.876999	 -2112.125967	 -683.909196	 -236.338263
 -1265930.320759	 -412142.458836	 -142619.638500	 -2112.125967	 -683.909196	 -236.338263
 -1273227.095761	 -414518.194267	 -143441.762150	 -2112.125967	 -683.909196	 -236.338263
 -1280544.834274	 -416900.755614	 -144266.247949	 -2112.125967	 -683.909196	 -236.338263
 -1287883.536283	 -419290.142872	 -145093.095895	 -2112.125967	 -683.909196	 -236.338263
 -1295243.201775	 -421686.356037	 -145922.305986	 -2112.125967	 -683.909196	 -236.338263
 -1302623.830736	 -424089.395104	 -146753.878221	 -2112.125967	 -683.909196	 -236.338263
 -1310025.423153	 -426499.260070	 -147587.812598	 -2112.125967	 -683.909196	 -236.338263
 -1317447.979011	 -428915.950928	 -148424.109115	 -2112.125967	 -683.909196	 -236.338263
 -1324891.498298	 -431339.467676	 -149262.767771	 -2112.125967	 -683.909196	 -236.338263
 -1332355.980998	 -433769.810308	 -150103.788564	 -2112.125966	 -683.909196	 -236.338263
 -1339841.427100	 -436206.978820	 -150947.171494	 -2112.125966	 -683.909196	 -236.338263
 -1347347.836590	 -438650.973208	 -151792.916558	 -2112.125966	 -683.909196	 -236.338263
 -1354875.209453	 -441101.793468	 -152641.023755	 -2112.125966	 -683.909196	 -236.338263
 -1362423.545678	 -443559.439595	 -153491.493083	 -2112.125966	 -683.909196	 -236.338263
 -1369992.845251	 -446023.911584	 -154344.324541	 -2112.125966	 -683.909196	 -236.338263
 -1377583.108159	 -448495.209433	 -155199.518128	 -2112.125966	 -683.909196	 -236.338263
 -1385194.334389	 -450973.333136	 -156057.073842	 -2112.125966	 -683.909196	 -236.338263
 -1392826.523927	 -453458.282689	 -156916.991681	 -2112.125966	 -683.909196	 -236.338263
 -1400479.676762	 -455950.058087	 -157779.271645	 -2112.125966	 -683.909196	 -236.338263
 -1408153.792880	 -458448.659328	 -158643.913731	 -2112.125966	 -683.909196	 -236.338263
 -1415848.872269	 -460954.086407	 -159510.917938	 -2112.125966	 -683.909196	 -236.338263
 -1423564.914915	 -463466.339319	 -160380.284265	 -2112.125966	 -683.909196	 -236.338263
 -1431301.920807	 -465985.418060	 -161252.012711	 -2112.125966	 -683.909196	 -236.338263
 -1439059.889932	 -468511.322627	 -162126.103274	 -2112.125966	 -683.909196	 -236.338263
 -1446838.822276	 -471044.053016	 -163002.555952	 -2112.125966	 -683.909196	 -236.338263
 -1454638.717829	 -473583.609221	 -163881.370744	 -2112.125966	 -683.909196	 -236.338263
 -1462459.576578	 -476129.991240	 -164762.547649	 -2112.125966	 -683.909196	 -236.338263
 -1470301.398510	 -478683.199069	 -165646.086666	 -2112.125966	 -683.909196	 -236.338263
 -1478164.183613	 -481243.232702	 -166531.987792	 -2112.125966	 -683.909196	 -236.338263
 -1486047.931875	 -483810.092137	 -167420.251027	 -2112.125966	 -683.909196	 -236.338263
 -1493952.643285	 -486383.777370	 -168310.876370	 -2112.125966	 -683.909196	 -236.338263
 -1501878.317829	 -488964.288396	 -169203.863818	 -2112.125966	 -683.909196	 -236.338263
 -1509824.955496	 -491551.625212	 -170099.213372	 -2112.125965	 -683.909196	 -236.338263
 -1517792.556275	 -494145.787813	 -170996.925028	 -2112.125965	 -683.909196	 -236.338263
 -1525781.120153	 -496746.776197	 -171896.998786	 -2112.125965	 -683.909196	 -236.338263
 -1533790.647119	 -499354.590359	 -172799.434645	 -2112.125965	 -683.909196	 -236.338263
 -1541821.137161	 -501969.230295	 -173704.232604	 -2112.125965	 -683.909195	 -236.338263
 -1549872.590268	 -504590.696001	 -174611.392660	 -2112.125965	 -683.909195	 -236.338263
 -1557945.006427	 -507218.987475	 -175520.914813	 -2112.125965	 -683.909195	 -236.338263
 -1566038.385628	 -509854.104712	 -176432.799062	 -2112.125965	 -683.909195	 -236.338263
 -1574152.727858	 -512496.047708	 -177347.045404	 -2112.125965	 -683.909195	 -236.338263
 -1582288.033108	 -515144.816459	 -178263.653840	 -2112.125965	 -683.909195	 -236.338263
 -1590444.301364	 -517800.410963	 -179182.624367	 -2112.125965	 -683.909195	 -236.338263
 -1598621.532617	 -520462.831215	 -180103.956984	 -2112.125965	 -683.909195	 -236.338263
 -1606819.726854	 -523132.077211	 -181027.651690	 -2112.125965	 -683.909195	 -236.338263
 -1615038.884065	 -525808.148949	 -181953.708485	 -2112.125965	 -683.909195	 -236.338263
 -1623279.004238	 -528491.046424	 -182882.127365	 -2112.125965	 -683.909195	 -236.338263
 -1631540.087363	 -531180.769633	 -183812.908331	 -2112.125965	 -683.909195	 -236.338263
 -1639822.133429	 -533877.318572	 -184746.051381	 -2112.125965	 -683.909195	 -236.338263
 -1648125.142424	 -536580.693238	 -185681.556514	 -2112.125965	 -683.909195	 -236.338263
 -1656449.114338	 -539290.893627	 -186619.423729	 -2112.125965	 -683.909195	 -236.338263
 -1664794.049161	 -542007.919735	 -187559.653023	 -2112.125965	 -683.909195	 -236.338263
 -1673159.946880	 -544731.771560	 -188502.244397	 -2112.125965	 -683.909195	 -236.338263
 -1681546.807486	 -547462.449097	 -189447.197849	 -2112.125965	 -683.909195	 -236.338263
 -1689954.630967	 -550199.952344	 -190394.513378	 -2112.125965	 -683.909195	 -236.338263
 -1698383.417314	 -552944.281296	 -191344.190982	 -2112.125965	 -683.909195	 -236.338263
 -1706833.166516	 -555695.435951	 -192296.230661	 -2112.125965	 -683.909195	 -236.338263
 -1715303.878562	 -558453.416305	 -193250.632413	 -2112.125965	 -683.909195	 -236.338263
 -1723795.553442	 -561218.222354	 -194207.396237	 -2112.125965	 -683.909195	 -236.338263
 -1732308.191145	 -563989.854095	 -195166.522132	 -2112.125965	 -683.909195	 -236.338263
 -1740841.791662	 -566768.311525	 -196128.010096	 -2112.125965	 -683.909195	 -236.338263
 -1749396.354981	 -569553.594640	 -197091.860129	 -2112.125965	 -683.909195	 -236.338263
 -1757971.881093	 -572345.703438	 -198058.072230	 -2112.125964	 -683.909195	 -236.338263
 -1766568.369988	 -575144.637914	 -199026.646396	 -2112.125964	 -683.909195	 -236.338263
 -1775185.821654	 -577950.398066	 -199997.582628	 -2112.125964	 -683.909195	 -236.338263
 -1783824.236083	 -580762.983890	 -200970.880924	 -2112.125964	 -683.909195	 -236.338263
 -1792483.613264	 -583582.395382	 -201946.541282	 -2112.125964	 -683.909195	 -236.338263
 -1801163.953188	 -586408.632541	 -202924.563702	 -2112.125964	 -683.909195	 -236.338263
 -1809865.255843	 -589241.695362	 -203904.948183	 -2112.125964	 -683.909195	 -236.338263
 -1818587.521221	 -592081.583842	 -204887.694724	 -2112.125964	 -683.909195	 -236.338263
 -1827330.749312	 -594928.297978	 -205872.803322	 -2112.125964	 -683.909195	 -236.338263
 -1836094.940105	 -597781.837767	 -206860.273978	 -2112.125964	 -683.909195	 -236.338263
 -1844880.093591	 -600642.203206	 -207850.106690	 -2112.125964	 -683.909195	 -236.338263
 -1853686.209761	 -603509.394291	 -208842.301457	 -2112.125964	 -683.909195	 -236.338263
 -1862513.288604	 -606383.411019	 -209836.858279	 -2112.125964	 -683.909195	 -236.338263
 -1871361.330112	 -609264.253388	 -210833.777153	 -2112.125964	 -683.909195	 -236.338263
 -1880230.334274	 -612151.921394	 -211833.058078	 -2112.125964	 -683.909195	 -236.338263
 -1889120.301080	 -615046.415034	 -212834.701055	 -2112.125964	 -683.909195	 -236.338263
 -1898031.230523	 -617947.734305	 -213838.706081	 -2112.125964	 -683.909195	 -236.338263
 -1906963.122591	 -620855.879203	 -214845.073156	 -2112.125964	 -683.909195	 -236.338263
 -1915915.977277	 -623770.849727	 -215853.802279	 -2112.125964	 -683.909195	 -236.338263
 -1924889.794569	 -626692.645872	 -216864.893448	 -2112.125964	 -683.909195	 -236.338263
 -1933884.574460	 -629621.267636	 -217878.346662	 -2112.125964	 -683.909195	 -236.338263
 -1942900.316940	 -632556.715016	 -218894.161921	 -2112.125964	 -683.909195	 -236.338263
 -1951937.021999	 -635498.988008	 -219912.339223	 -2112.125964	 -683.909195	 -236.338263
 -1960994.689628	 -638448.086610	 -220932.878568	 -2112.125964	 -683.909195	 -236.338263
 -1970073.319819	 -641404.010819	 -221955.779954	 -2112.125964	 -683.909195	 -236.338263
 -1979172.912563	 -644366.760632	 -222981.043380	 -2112.125964	 -683.909195	 -236.338263
 -1988293.467849	 -647336.336046	 -224008.668846	 -2112.125964	 -683.909195	 -236.338263
 -1997434.985670	 -650312.737058	 -225038.656350	 -2112.125964	 -683.909195	 -236.338263
 -2006597.466016	 -653295.963664	 -226071.005891	 -2112.125964	 -683.909195	 -236.338263
 -2015780.908879	 -656286.015863	 -227105.717468	 -2112.125964	 -683.909195	 -236.338263
 -2024985.314249	 -659282.893651	 -228142.791081	 -2112.125964	 -683.909195	 -236.338263
 -2034210.682117	 -662286.597026	 -229182.226728	 -2112.125964	 -683.909195	 -236.338263
 -2043457.012476	 -665297.125984	 -230224.024408	 -2112.125964	 -683.909195	 -236.338263
 -2052724.305316	 -668314.480523	 -231268.184120	 -2112.125964	 -683.909195	 -236.338263
 -2062012.560628	 -671338.660639	 -232314.705864	 -2112.125964	 -683.909195	 -236.338263
 -2071321.778404	 -674369.666331	 -233363.589638	 -2112.125964	 -683.909195	 -236.338263
 -2080651.958635	 -677407.497594	 -234414.835441	 -2112.125964	 -683.909195	 -236.338263
 -2090003.101312	 -680452.154427	 -235468.443273	 -2112.125964	 -683.909195	 -236.338263
 -2099375.206428	 -683503.636827	 -236524.413133	 -2112.125964	 -683.909195	 -236.338263
 -2108768.273973	 -686561.944791	 -237582.745018	 -2112.125964	 -683.909195	 -236.338263
 -2118182.303939	 -689627.078315	 -238643.438930	 -2112.125964	 -683.909195	 -236.338263
 -2127617.296317	 -692699.037398	 -239706.494865	 -2112.125964	 -683.909195	 -236.338263
 -2137073.251100	 -695777.822037	 -240771.912825	 -2112.125963	 -683.909195	 -236.338263
 -2146550.168279	 -698863.432229	 -241839.692807	 -2112.125963	 -683.909195	 -236.338263
 -2156048.047845	 -701955.867970	 -242909.834811	 -2112.125963	 -683.909195	 -236.338263
 -2165566.889790	 -705055.129259	 -243982.338835	 -2112.125963	 -683.909195	 -236.338263
 -2175106.694106	 -708161.216093	 -245057.204880	 -2112.125963	 -683.909195	 -236.338263
 -2184667.460784	 -711274.128469	 -246134.432943	 -2112.125963	 -683.909195	 -236.338263
 -2194249.189818	 -714393.866385	 -247214.023025	 -2112.125963	 -683.909195	 -236.338263
 -2203851.881197	 -717520.429837	 -248295.975123	 -2112.125963	 -683.909195	 -236.338263
 -2213475.534915	 -720653.818823	 -249380.289238	 -2112.125963	 -683.909195	 -236.338263
 -2223120.150963	 -723794.033341	 -250466.965368	 -2112.125963	 -683.909195	 -236.338263
 -2232785.729333	 -726941.073388	 -251556.003512	 -2112.125963	 -683.909195	 -236.338263
 -2242472.270017	 -730094.938961	 -252647.403670	 -2112.125963	 -683.909195	 -236.338263
 -2252179.773008	 -733255.630058	 -253741.165841	 -2112.125963	 -683.909195	 -236.338263
 -2261908.238296	 -736423.146675	 -254837.290023	 -2112.125963	 -683.909195	 -236.338263
 -2271657.665875	 -739597.488812	 -255935.776216	 -2112.125963	 -683.909195	 -236.338263
 -2281428.055737	 -742778.656464	 -257036.624419	 -2112.125963	 -683.909195	 -236.338263
 -2291219.407873	 -745966.649630	 -258139.834631	 -2112.125963	 -683.909195	 -236.338263
 -2301031.722276	 -749161.468307	 -259245.406851	 -2112.125963	 -683.909195	 -236.338263
 -2310864.998938	 -752363.112492	 -260353.341078	 -2112.125963	 -683.909195	 -236.338263
 -2320719.237851	 -755571.582183	 -261463.637311	 -2112.125963	 -683.909195	 -236.338263
 -2330594.439008	 -758786.877377	 -262576.295551	 -2112.125963	 -683.909195	 -236.338263
 -2340490.602401	 -762008.998072	 -263691.315795	 -2112.125963	 -683.909195	 -236.338263
 -2350407.728022	 -765237.944265	 -264808.698042	 -2112.125963	 -683.909195	 -236.338263
 -2360345.815864	 -768473.715955	 -265928.442293	 -2112.125963	 -683.909195	 -236.338263
 -2370304.865919	 -771716.313137	 -267050.548545	 -2112.125963	 -683.909195	 -236.338263
 -2380284.878180	 -774965.735811	 -268175.016799	 -2112.125963	 -683.909195	 -236.338263
 -2390285.852639	 -778221.983973	 -269301.847054	 -2112.125963	 -683.909195	 -236.338263
 -2400307.789288	 -781485.057622	 -270431.039308	 -2112.125963	 -683.909195	 -236.338263
 -2410350.688121	 -784754.956754	 -271562.593560	 -2112.125963	 -683.909195	 -236.338263
 -2420414.549129	 -788031.681367	 -272696.509811	 -2112.125963	 -683.909195	 -236.338263
 -2430499.372306	 -791315.231459	 -273832.788058	 -2112.125963	 -683.909195	 -236.338263
 -2440605.157644	 -794605.607027	 -274971.428302	 -2112.125963	 -683.909195	 -236.338263
 -2450731.905136	 -797902.808070	 -276112.430541	 -2112.125963	 -683.909195	 -236.338263
 -2460879.614774	 -801206.834584	 -277255.794775	 -2112.125963	 -683.909195	 -236.338263
 -2471048.286551	 -804517.686568	 -278401.521003	 -2112.125963	 -683.909195	 -236.338263
 -2481237.920460	 -807835.364018	 -279549.609223	 -2112.125963	 -683.909195	 -236.338263
 -2491448.516494	 -811159.866933	 -280700.059436	 -2112.125963	 -683.909195	 -236.338263
 -2501680.074646	 -814491.195311	 -281852.871640	 -2112.125963	 -683.909195	 -236.338263
 -2511932.594908	 -817829.349148	 -283008.045834	 -2112.125963	 -683.909195	 -236.338263
 -2522206.077273	 -821174.328443	 -284165.582018	 -2112.125963	 -683.909195	 -236.338263
 -2532500.521735	 -824526.133194	 -285325.480191	 -2112.125963	 -683.909195	 -236.338263
 -2542815.928286	 -827884.763397	 -286487.740353	 -2112.125963	 -683.909195	 -236.338263
 -2553152.296918	 -831250.219051	 -287652.362501	 -2112.125963	 -683.909195	 -236.338263
 -2563509.627627	 -834622.500154	 -288819.346636	 -2112.125963	 -683.909195	 -236.338263
 -2573887.920403	 -838001.606703	 -289988.692757	 -2112.125963	 -683.909195	 -236.338263
 -2584287.175241	 -841387.538696	 -291160.400863	 -2112.125963	 -683.909195	 -236.338263
 -2594707.392133	 -844780.296131	 -292334.470953	 -2112.125963	 -683.909195	 -236.338263
 -2605148.571072	 -848179.879005	 -293510.903027	 -2112.125963	 -683.909195	 -236.338263
 -2615610.712052	 -851586.287316	 -294689.697083	 -2112.125963	 -683.909195	 -236.338263
 -2626093.815066	 -854999.521062	 -295870.853121	 -2112.125963	 -683.909195	 -236.338263
 -2636597.880107	 -858419.580242	 -297054.371140	 -2112.125963	 -683.909195	 -236.338263
 -2647122.907168	 -861846.464851	 -298240.251139	 -2112.125963	 -683.909195	 -236.338263
 -2657668.896242	 -865280.174889	 -299428.493118	 -2112.125963	 -683.909195	 -236.338263
 -2668235.847324	 -868720.710354	 -300619.097076	 -2112.125963	 -683.909195	 -236.338263
 -2678823.760405	 -872168.071242	 -301812.063012	 -2112.125963	 -683.909195	 -236.338263
 -2689432.635480	 -875622.257552	 -303007.390926	 -2112.125963	 -683.909195	 -236.338263
 -2700062.472541	 -879083.269282	 -304205.080816	 -2112.125963	 -683.909195	 -236.338263
 -2710713.271583	 -882551.106430	 -305405.132681	 -2112.125963	 -683.909195	 -236.338263
 -2721385.032598	 -886025.768993	 -306607.546522	 -2112.125963	 -683.909195	 -236.338263
 -2732077.755581	 -889507.256969	 -307812.322338	 -2112.125963	 -683.909195	 -236.338263
 -2742791.440523	 -892995.570356	 -309019.460126	 -2112.125963	 -683.909195	 -236.338263
 -2753526.087420	 -896490.709153	 -310228.959888	 -2112.125963	 -683.909195	 -236.338263
 -2764281.696264	 -899992.673356	 -311440.821622	 -2112.125963	 -683.909195	 -236.338263
 -2775058.267049	 -903501.462964	 -312655.045327	 -2112.125963	 -683.909195	 -236.338263
 -2785855.799769	 -907017.077975	 -313871.631004	 -2112.125963	 -683.909195	 -236.338263
 -2796674.294417	 -910539.518386	 -315090.578650	 -2112.125963	 -683.909195	 -236.338263
 -2807513.750986	 -914068.784196	 -316311.888265	 -2112.125963	 -683.909195	 -236.338263
 -2818374.169471	 -917604.875402	 -317535.559849	 -2112.125963	 -683.909195	 -236.338263
 -2829255.549866	 -921147.792003	 -318761.593400	 -2112.125962	 -683.909195	 -236.338263
 -2840157.892163	 -924697.533996	 -319989.988919	 -2112.125962	 -683.909195	 -236.338263
 -2851081.196356	 -928254.101379	 -321220.746404	 -2112.125962	 -683.909195	 -236.338263
 -2862025.462440	 -931817.494151	 -322453.865855	 -2112.125962	 -683.909195	 -236.338263
 -2872990.690407	 -935387.712309	 -323689.347271	 -2112.125962	 -683.909195	 -236.338263
 -2883976.880253	 -938964.755851	 -324927.190652	 -2112.125962	 -683.909195	 -236.338263
 -2894984.031970	 -942548.624776	 -326167.395995	 -2112.125962	 -683.909195	 -236.338263
 -2906012.145552	 -946139.319080	 -327409.963302	 -2112.125962	 -683.909195	 -236.338263
 -2917061.220994	 -949736.838763	 -328654.892571	 -2112.125962	 -683.909195	 -236.338263
 -2928131.258289	 -953341.183822	 -329902.183802	 -2112.125962	 -683.909195	 -236.338263
 -2939222.257431	 -956952.354255	 -331151.836993	 -2112.125962	 -683.909195	 -236.338263
 -2950334.218414	 -960570.350060	 -332403.852145	 -2112.125962	 -683.909195	 -236.338263
 -2961467.141232	 -964195.171236	 -333658.229256	 -2112.125962	 -683.909195	 -236.338263
 -2972621.025878	 -967826.817780	 -334914.968325	 -2112.125962	 -683.909195	 -236.338263
 -2983795.872348	 -971465.289690	 -336174.069353	 -2112.125962	 -683.909195	 -236.338263
 -2994991.680635	 -975110.586965	 -337435.532339	 -2112.125962	 -683.909195	 -236.338263
 -3006208.450732	 -978762.709602	 -338699.357281	 -2112.125962	 -683.909195	 -236.338263
 -3017446.182635	 -982421.657600	 -339965.544179	 -2112.125962	 -683.909195	 -236.338263
 -3028704.876337	 -986087.430956	 -341234.093033	 -2112.125962	 -683.909195	 -236.338263
 -3039984.531832	 -989760.029669	 -342505.003841	 -2112.125962	 -683.909195	 -236.338263
 -3051285.149114	 -993439.453737	 -343778.276604	 -2112.125962	 -683.909195	 -236.338263
 -3062606.728178	 -997125.703158	 -345053.911320	 -2112.125962	 -683.909195	 -236.338263
 -3073949.269018	 -1000818.777929	 -346331.907989	 -2112.125962	 -683.909195	 -236.338263
 -3085312.771627	 -1004518.678050	 -347612.266610	 -2112.125962	 -683.909194	 -236.338263
 -3096697.236000	 -1008225.403518	 -348894.987183	 -2112.125962	 -683.909194	 -236.338263
 -3108102.662132	 -1011938.954331	 -350180.069706	 -2112.125962	 -683.909194	 -236.338263
 -3119529.050017	 -1015659.330488	 -351467.514180	 -2112.125962	 -683.909194	 -236.338263
 -3130976.399648	 -1019386.531986	 -352757.320603	 -2112.125962	 -683.909194	 -236.338263
 -3142444.711020	 -1023120.558824	 -354049.488975	 -2112.125962	 -683.909194	 -236.338263
 -3153933.984128	 -1026861.411000	 -355344.019295	 -2112.125962	 -683.909194	 -236.338263
 -3165444.218966	 -1030609.088512	 -356640.911563	 -2112.125962	 -683.909194	 -236.338263
 -3176975.415528	 -1034363.591358	 -357940.165778	 -2112.125962	 -683.909194	 -236.338263
 -3188527.573809	 -1038124.919537	 -359241.781939	 -2112.125962	 -683.909194	 -236.338263
 -3200100.693802	 -1041893.073046	 -360545.760046	 -2112.125962	 -683.909194	 -236.338263
 -3211694.775503	 -1045668.051884	 -361852.100099	 -2112.125962	 -683.909194	 -236.338263
 -3223309.818906	 -1049449.856048	 -363160.802095	 -2112.125962	 -683.909194	 -236.338263
 -3234945.824005	 -1053238.485538	 -364471.866036	 -2112.125962	 -683.909194	 -236.338263
 -3246602.790795	 -1057033.940352	 -365785.291920	 -2112.125962	 -683.909194	 -236.338263
 -3258280.719270	 -1060836.220486	 -367101.079746	 -2112.125962	 -683.909194	 -236.338263
 -3269979.609425	 -1064645.325941	 -368419.229514	 -2112.125962	 -683.909194	 -236.338263
 -3281699.461254	 -1068461.256713	 -369739.741224	 -2112.125962	 -683.909194	 -236.338263
 -3293440.274753	 -1072284.012802	 -371062.614875	 -2112.125962	 -683.909194	 -236.338263
 -3305202.049914	 -1076113.594205	 -372387.850465	 -2112.125962	 -683.909194	 -236.338263
 -3316984.786734	 -1079950.000921	 -373715.447996	 -2112.125962	 -683.909194	 -236.338263
 -3328788.485207	 -1083793.232948	 -375045.407465	 -2112.125962	 -683.909194	 -236.338263
 -3340613.145327	 -1087643.290284	 -376377.728872	 -2112.125962	 -683.909194	 -236.338263
 -3352458.767089	 -1091500.172928	 -377712.412218	 -2112.125962	 -683.909194	 -236.338263
 -3364325.350488	 -1095363.880877	 -379049.457500	 -2112.125962	 -683.909194	 -236.338263
 -3376212.895518	 -1099234.414130	 -380388.864719	 -2112.125962	 -683.909194	 -236.338263
 -3388121.402175	 -1103111.772685	 -381730.633874	 -2112.125962	 -683.909194	 -236.338263
 -3400050.870452	 -1106995.956542	 -383074.764965	 -2112.125962	 -683.909194	 -236.338263
 -3412001.300345	 -1110886.965696	 -384421.257990	 -2112.125962	 -683.909194	 -236.338263
 -3423972.691848	 -1114784.800148	 -385770.112949	 -2112.125962	 -683.909194	 -236.338263
 -3435965.044956	 -1118689.459896	 -387121.329842	 -2112.125962	 -683.909194	 -236.338263
 -3447978.359665	 -1122600.944937	 -388474.908668	 -2112.125962	 -683.909194	 -236.338263
 -3460012.635968	 -1126519.255271	 -389830.849426	 -2112.125962	 -683.909194	 -236.338263
 -3472067.873861	 -1130444.390894	 -391189.152116	 -2112.125962	 -683.909194	 -236.338263
 -3484144.073338	 -1134376.351807	 -392549.816737	 -2112.125962	 -683.909194	 -236.338263
 -3496241.234395	 -1138315.138007	 -393912.843290	 -2112.125962	 -683.909194	 -236.338263
 -3508359.357026	 -1142260.749492	 -395278.231772	 -2112.125962	 -683.909194	 -236.338263
 -3520498.441227	 -1146213.186260	 -396645.982184	 -2112.125962	 -683.909194	 -236.338263
 -3532658.486991	 -1150172.448311	 -398016.094524	 -2112.125962	 -683.909194	 -236.338263
 -3544839.494315	 -1154138.535642	 -399388.568793	 -2112.125962	 -683.909194	 -236.338263
 -3557041.463192	 -1158111.448253	 -400763.404990	 -2112.125962	 -683.909194	 -236.338263
 -3569264.393619	 -1162091.186140	 -402140.603114	 -2112.125962	 -683.909194	 -236.338263
 -3581508.285590	 -1166077.749303	 -403520.163165	 -2112.125962	 -683.909194	 -236.338263
 -3593773.139100	 -1170071.137739	 -404902.085142	 -2112.125962	 -683.909194	 -236.338263
 -3606058.954144	 -1174071.351449	 -406286.369045	 -2112.125962	 -683.909194	 -236.338263
 -3618365.730717	 -1178078.390428	 -407673.014873	 -2112.125962	 -683.909194	 -236.338263
 -3630693.468814	 -1182092.254677	 -409062.022625	 -2112.125962	 -683.909194	 -236.338263
 -3643042.168431	 -1186112.944194	 -410453.392301	 -2112.125962	 -683.909194	 -236.338263
 -3655411.829562	 -1190140.458976	 -411847.123900	 -2112.125962	 -683.909194	 -236.338263
 -3667802.452203	 -1194174.799023	 -413243.217423	 -2112.125962	 -683.909194	 -236.338263
 -3680214.036349	 -1198215.964332	 -414641.672867	 -2112.125962	 -683.909194	 -236.338263
 -3692646.581994	 -1202263.954903	 -416042.490234	 -2112.125962	 -683.909194	 -236.338263
 -3705100.089134	 -1206318.770733	 -417445.669521	 -2112.125962	 -683.909194	 -236.338263
 -3717574.557765	 -1210380.411821	 -418851.210729	 -2112.125962	 -683.909194	 -236.338263
 -3730069.987881	 -1214448.878166	 -420259.113857	 -2112.125962	 -683.909194	 -236.338263
 -3742586.379477	 -1218524.169765	 -421669.378905	 -2112.125962	 -683.909194	 -236.338263
 -3755123.732550	 -1222606.286618	 -423082.005872	 -2112.125962	 -683.909194	 -236.338263
 -3767682.047093	 -1226695.228723	 -424496.994757	 -2112.125962	 -683.909194	 -236.338263
 -3780261.323103	 -1230790.996078	 -425914.345560	 -2112.125962	 -683.909194	 -236.338263
 -3792861.560575	 -1234893.588682	 -427334.058281	 -2112.125962	 -683.909194	 -236.338263
 -3805482.759503	 -1239003.006533	 -428756.132918	 -2112.125962	 -683.909194	 -236.338263
 -3818124.919884	 -1243119.249629	 -430180.569472	 -2112.125962	 -683.909194	 -236.338263
 -3830788.041713	 -1247242.317970	 -431607.367942	 -2112.125962	 -683.909194	 -236.338263
 -3843472.124984	 -1251372.211553	 -433036.528327	 -2112.125962	 -683.909194	 -236.338263
 -3856177.169694	 -1255508.930378	 -434468.050627	 -2112.125962	 -683.909194	 -236.338263
 -3868903.175837	 -1259652.474442	 -435901.934841	 -2112.125962	 -683.909194	 -236.338263
 -3881650.143410	 -1263802.843744	 -437338.180969	 -2112.125962	 -683.909194	 -236.338263
 -3894418.072407	 -1267960.038283	 -438776.789010	 -2112.125962	 -683.909194	 -236.338263
 -3907206.962824	 -1272124.058057	 -440217.758963	 -2112.125962	 -683.909194	 -236.338263
 -3920016.814656	 -1276294.903065	 -441661.090829	 -2112.125962	 -683.909194	 -236.338263
 -3932847.627899	 -1280472.573305	 -443106.784607	 -2112.125962	 -683.909194	 -236.338263
 -3945699.402549	 -1284657.068775	 -444554.840296	 -2112.125962	 -683.909194	 -236.338263
 -3958572.138600	 -1288848.389475	 -446005.257895	 -2112.125962	 -683.909194	 -236.338263
 -3971465.836048	 -1293046.535402	 -447458.037405	 -2112.125962	 -683.909194	 -236.338263
 -3984380.494889	 -1297251.506556	 -448913.178824	 -2112.125962	 -683.909194	 -236.338263
 -3997316.115119	 -1301463.302935	 -450370.682153	 -2112.125962	 -683.909194	 -236.338263
 -4010272.696732	 -1305681.924537	 -451830.547390	 -2112.125962	 -683.909194	 -236.338263
 -4023250.239725	 -1309907.371361	 -453292.774535	 -2112.125962	 -683.909194	 -236.338263
 -4036248.744092	 -1314139.643405	 -454757.363588	 -2112.125962	 -683.909194	 -236.338263
 -4049268.209830	 -1318378.740669	 -456224.314549	 -2112.125962	 -683.909194	 -236.338263
 -4062308.636935	 -1322624.663150	 -457693.627415	 -2112.125962	 -683.909194	 -236.338263
 -4075370.025400	 -1326877.410847	 -459165.302188	 -2112.125962	 -683.909194	 -236.338263
 -4088452.375224	 -1331136.983759	 -460639.338867	 -2112.125962	 -683.909194	 -236.338263
 -4101555.686400	 -1335403.381885	 -462115.737451	 -2112.125962	 -683.909194	 -236.338263
 -4114679.958925	 -1339676.605222	 -463594.497939	 -2112.125962	 -683.909194	 -236.338263
 -4127825.192794	 -1343956.653770	 -465075.620332	 -2112.125962	 -683.909194	 -236.338263
 -4140991.388004	 -1348243.527527	 -466559.104628	 -2112.125962	 -683.909194	 -236.338263
 -4154178.544549	 -1352537.226492	 -468044.950828	 -2112.125962	 -683.909194	 -236.338263
 -4167386.662425	 -1356837.750663	 -469533.158930	 -2112.125962	 -683.909194	 -236.338263
 -4180615.741629	 -1361145.100039	 -471023.728935	 -2112.125962	 -683.909194	 -236.338263
 -4193865.782155	 -1365459.274618	 -472516.660841	 -2112.125962	 -683.909194	 -236.338263
 -4207136.784001	 -1369780.274400	 -474011.954649	 -2112.125962	 -683.909194	 -236.338263
 -4220428.747160	 -1374108.099383	 -475509.610357	 -2112.125962	 -683.909194	 -236.338263
 -4233741.671630	 -1378442.749565	 -477009.627966	 -2112.125962	 -683.909194	 -236.338263
 -4247075.557405	 -1382784.224944	 -478512.007475	 -2112.125962	 -683.909194	 -236.338263
 -4260430.404483	 -1387132.525521	 -480016.748883	 -2112.125962	 -683.909194	 -236.338263
 -4273806.212858	 -1391487.651293	 -481523.852190	 -2112.125962	 -683.909194	 -236.338263
 -4287202.982526	 -1395849.602259	 -483033.317396	 -2112.125962	 -683.909194	 -236.338263
 -4300620.713484	 -1400218.378417	 -484545.144499	 -2112.125962	 -683.909194	 -236.338263
 -4314059.405726	 -1404593.979767	 -486059.333500	 -2112.125962	 -683.909194	 -236.338263
 -4327519.059250	 -1408976.406306	 -487575.884399	 -2112.125962	 -683.909194	 -236.338263
 -4340999.674050	 -1413365.658034	 -489094.797193	 -2112.125962	 -683.909194	 -236.338263
 -4354501.250124	 -1417761.734950	 -490616.071884	 -2112.125962	 -683.909194	 -236.338263
 -4368023.787466	 -1422164.637051	 -492139.708471	 -2112.125962	 -683.909194	 -236.338263
 -4381567.286072	 -1426574.364337	 -493665.706953	 -2112.125962	 -683.909194	 -236.338263
 -4395131.745939	 -1430990.916806	 -495194.067329	 -2112.125962	 -683.909194	 -236.338263
 -4408717.167062	 -1435414.294456	 -496724.789600	 -2112.125962	 -683.909194	 -236.338263
 -4422323.549438	 -1439844.497288	 -498257.873765	 -2112.125962	 -683.909194	 -236.338263
 -4435950.893063	 -1444281.525299	 -499793.319823	 -2112.125962	 -683.909194	 -236.338263
 -4449599.197931	 -1448725.378487	 -501331.127774	 -2112.125962	 -683.909194	 -236.338263
 -4463268.464040	 -1453176.056853	 -502871.297617	 -2112.125962	 -683.909194	 -236.338263
 -4476958.691385	 -1457633.560394	 -504413.829353	 -2112.125962	 -683.909194	 -236.338263
 -4490669.879963	 -1462097.889109	 -505958.722980	 -2112.125962	 -683.909194	 -236.338263
 -4504402.029769	 -1466569.042996	 -507505.978498	 -2112.125962	 -683.909194	 -236.338263
 -4518155.140800	 -1471047.022055	 -509055.595907	 -2112.125962	 -683.909194	 -236.338263
 -4531929.213051	 -1475531.826285	 -510607.575206	 -2112.125962	 -683.909194	 -236.338263
 -4545724.246519	 -1480023.455683	 -512161.916395	 -2112.125962	 -683.909194	 -236.338263
 -4559540.241199	 -1484521.910249	 -513718.619473	 -2112.125962	 -683.909194	 -236.338263
 -4573377.197088	 -1489027.189981	 -515277.684441	 -2112.125962	 -683.909194	 -236.338263
 -4587235.114182	 -1493539.294879	 -516839.111296	 -2112.125962	 -683.909194	 -236.338263
 -4601113.992477	 -1498058.224940	 -518402.900040	 -2112.125962	 -683.909194	 -236.338263
 -4615013.831969	 -1502583.980164	 -519969.050672	 -2112.125962	 -683.909194	 -236.338263
 -4628934.632654	 -1507116.560549	 -521537.563190	 -2112.125962	 -683.909194	 -236.338263
 -4642876.394529	 -1511655.966095	 -523108.437596	 -2112.125961	 -683.909194	 -236.338263
 -4656839.117589	 -1516202.196799	 -524681.673887	 -2112.125961	 -683.909194	 -236.338263
 -4670822.801831	 -1520755.252660	 -526257.272065	 -2112.125961	 -683.909194	 -236.338263
 -4684827.447251	 -1525315.133678	 -527835.232128	 -2112.125961	 -683.909194	 -236.338263
 -4698853.053845	 -1529881.839852	 -529415.554076	 -2112.125961	 -683.909194	 -236.338263
 -4712899.621609	 -1534455.371179	 -530998.237909	 -2112.125961	 -683.909194	 -236.338263
 -4726967.150540	 -1539035.727658	 -532583.283625	 -2112.125961	 -683.909194	 -236.338263
 -4741055.640634	 -1543622.909289	 -534170.691226	 -2112.125961	 -683.909194	 -236.338263
 -4755165.091887	 -1548216.916071	 -535760.460710	 -2112.125961	 -683.909194	 -236.338263
 -4769295.504294	 -1552817.748001	 -537352.592076	 -2112.125961	 -683.909194	 -236.338263
 -4783446.877854	 -1557425.405079	 -538947.085326	 -2112.125961	 -683.909194	 -236.338263
 -4797619.212561	 -1562039.887303	 -540543.940457	 -2112.125961	 -683.909194	 -236.338263
 -4811812.508412	 -1566661.194673	 -542143.157470	 -2112.125961	 -683.909194	 -236.338263
 -4826026.765404	 -1571289.327187	 -543744.736364	 -2112.125961	 -683.909194	 -236.338263
 -4840261.983533	 -1575924.284844	 -545348.677139	 -2112.125961	 -683.909194	 -236.338263
 -4854518.162794	 -1580566.067643	 -546954.979794	 -2112.125961	 -683.909194	 -236.338263
 -4868795.303185	 -1585214.675582	 -548563.644330	 -2112.125961	 -683.909194	 -236.338263
 -4883093.404701	 -1589870.108660	 -550174.670744	 -2112.125961	 -683.909194	 -236.338263
 -4897412.467340	 -1594532.366877	 -551788.059038	 -2112.125961	 -683.909194	 -236.338263
 -4911752.491097	 -1599201.450230	 -553403.809211	 -2112.125961	 -683.909194	 -236.338263
 -4926113.475968	 -1603877.358720	 -555021.921262	 -2112.125961	 -683.909194	 -236.338263
 -4940495.421951	 -1608560.092344	 -556642.395191	 -2112.125961	 -683.909194	 -236.338263
 -4954898.329041	 -1613249.651101	 -558265.230998	 -2112.125961	 -683.909194	 -236.338263
 -4969322.197236	 -1617946.034991	 -559890.428682	 -2112.125961	 -683.909194	 -236.338263
 -4983767.026531	 -1622649.244011	 -561517.988242	 -2112.125961	 -683.909194	 -236.338263
 -4998232.816922	 -1627359.278162	 -563147.909679	 -2112.125961	 -683.909194	 -236.338263
 -5012719.568407	 -1632076.137442	 -564780.192991	 -2112.125961	 -683.909194	 -236.338263
 -5027227.280981	 -1636799.821849	 -566414.838179	 -2112.125961	 -683.909194	 -236.338263
 -5041755.954642	 -1641530.331382	 -568051.845243	 -2112.125961	 -683.909194	 -236.338263
 -5056305.589385	 -1646267.666041	 -569691.214181	 -2112.125961	 -683.909194	 -236.338263
 -5070876.185207	 -1651011.825824	 -571332.944993	 -2112.125961	 -683.909194	 -236.338263
 -5085467.742105	 -1655762.810730	 -572977.037679	 -2112.125961	 -683.909194	 -236.338263
 -5100080.260075	 -1660520.620758	 -574623.492239	 -2112.125961	 -683.909194	 -236.338263
 -5114713.739113	 -1665285.255906	 -576272.308672	 -2112.125961	 -683.909194	 -236.338263
 -5129368.179217	 -1670056.716175	 -577923.486977	 -2112.125961	 -683.909194	 -236.338263
 -5144043.580382	 -1674835.001561	 -579577.027155	 -2112.125961	 -683.909194	 -236.338263
 -5158739.942606	 -1679620.112065	 -581232.929205	 -2112.125961	 -683.909194	 -236.338263
 -5173457.265884	 -1684412.047686	 -582891.193126	 -2112.125961	 -683.909194	 -236.338263
 -5188195.550213	 -1689210.808421	 -584551.818919	 -2112.125961	 -683.909194	 -236.338263
 -5202954.795590	 -1694016.394270	 -586214.806582	 -2112.125961	 -683.909194	 -236.338263
 -5217735.002012	 -1698828.805233	 -587880.156116	 -2112.125961	 -683.909194	 -236.338263
 -5232536.169474	 -1703648.041306	 -589547.867520	 -2112.125961	 -683.909194	 -236.338263
 -5247358.297974	 -1708474.102491	 -591217.940793	 -2112.125961	 -683.909194	 -236.338263
 -5262201.387508	 -1713306.988785	 -592890.375936	 -2112.125961	 -683.909194	 -236.338263
 -5277065.438074	 -1718146.700188	 -594565.172948	 -2112.125961	 -683.909194	 -236.338263
 -5291950.449666	 -1722993.236698	 -596242.331828	 -2112.125961	 -683.909194	 -236.338263
 -5306856.422283	 -1727846.598314	 -597921.852576	 -2112.125961	 -683.909194	 -236.338263
 -5321783.355920	 -1732706.785035	 -599603.735192	 -2112.125961	 -683.909194	 -236.338263
 -5336731.250575	 -1737573.796861	 -601287.979675	 -2112.125961	 -683.909194	 -236.338263
 -5351700.106243	 -1742447.633789	 -602974.586026	 -2112.125961	 -683.909194	 -236.338263
 -5366689.922923	 -1747328.295820	 -604663.554243	 -2112.125961	 -683.909194	 -236.338263
 -5381700.700610	 -1752215.782951	 -606354.884326	 -2112.125961	 -683.909194	 -236.338263
 -5396732.439301	 -1757110.095182	 -608048.576275	 -2112.125961	 -683.909194	 -236.338263
 -5411785.138992	 -1762011.232511	 -609744.630089	 -2112.125961	 -683.909194	 -236.338263
 -5426858.799681	 -1766919.194938	 -611443.045769	 -2112.125961	 -683.909194	 -236.338263
 -5441953.421365	 -1771833.982462	 -613143.823313	 -2112.125961	 -683.909194	 -236.338263
 -5457069.004039	 -1776755.595081	 -614846.962722	 -2112.125961	 -683.909194	 -236.338263
 -5472205.547701	 -1781684.032794	 -616552.463995	 -2112.125961	 -683.909194	 -236.338263
 -5487363.052347	 -1786619.295601	 -618260.327131	 -2112.125961	 -683.909194	 -236.338263
 -5502541.517975	 -1791561.383500	 -619970.552131	 -2112.125961	 -683.909194	 -236.338263
 -5517740.944580	 -1796510.296491	 -621683.138993	 -2112.125961	 -683.909194	 -236.338263
 -5532961.332160	 -1801466.034571	 -623398.087719	 -2112.125961	 -683.909194	 -236.338263
 -5548202.680712	 -1806428.597741	 -625115.398306	 -2112.125961	 -683.909194	 -236.338263
 -5563464.990232	 -1811397.985999	 -626835.070755	 -2112.125961	 -683.909194	 -236.338263
 -5578748.260717	 -1816374.199343	 -628557.105066	 -2112.125961	 -683.909194	 -236.338263
 -5594052.492163	 -1821357.237774	 -630281.501237	 -2112.125961	 -683.909194	 -236.338263
 -5609377.684569	 -1826347.101290	 -632008.259270	 -2112.125961	 -683.909194	 -236.338263
 -5624723.837930	 -1831343.789889	 -633737.379163	 -2112.125961	 -683.909194	 -236.338263
 -5640090.952243	 -1836347.303572	 -635468.860916	 -2112.125961	 -683.909194	 -236.338263
 -5655479.027506	 -1841357.642336	 -637202.704528	 -2112.125961	 -683.909194	 -236.338263
 -5670888.063715	 -1846374.806182	 -638938.910000	 -2112.125961	 -683.909194	 -236.338263
 -5686318.060866	 -1851398.795107	 -640677.477331	 -2112.125961	 -683.909194	 -236.338263
 -5701769.018958	 -1856429.609111	 -642418.406521	 -2112.125961	 -683.909194	 -236.338263
 -5717240.937986	 -1861467.248192	 -644161.697568	 -2112.125961	 -683.909194	 -236.338263
 -5732733.817947	 -1866511.712351	 -645907.350474	 -2112.125961	 -683.909194	 -236.338263
 -5748247.658839	 -1871563.001585	 -647655.365237	 -2112.125961	 -683.909194	 -236.338263
 -5763782.460658	 -1876621.115894	 -649405.741858	 -2112.125961	 -683.909194	 -236.338263
 -5779338.223402	 -1881686.055277	 -651158.480335	 -2112.125961	 -683.909194	 -236.338263
 -5794914.947067	 -1886757.819732	 -652913.580669	 -2112.125961	 -683.909194	 -236.338263
 -5810512.631650	 -1891836.409259	 -654671.042859	 -2112.125961	 -683.909194	 -236.338263
 -5826131.277147	 -1896921.823857	 -656430.866905	 -2112.125961	 -683.909194	 -236.338263
 -5841770.883557	 -1902014.063525	 -658193.052806	 -2112.125961	 -683.909194	 -236.338263
 -5857431.450876	 -1907113.128261	 -659957.600563	 -2112.125961	 -683.909194	 -236.338263
 -5873112.979101	 -1912219.018065	 -661724.510174	 -2112.125961	 -683.909194	 -236.338263
 -5888815.468228	 -1917331.732937	 -663493.781640	 -2112.125961	 -683.909194	 -236.338263
 -5904538.918256	 -1922451.272873	 -665265.414960	 -2112.125961	 -683.909194	 -236.338263
 -5920283.329180	 -1927577.637875	 -667039.410134	 -2112.125961	 -683.909194	 -236.338263
 -5936048.700998	 -1932710.827940	 -668815.767161	 -2112.125961	 -683.909194	 -236.338263
 -5951835.033707	 -1937850.843069	 -670594.486041	 -2112.125961	 -683.909194	 -236.338263
 -5967642.327303	 -1942997.683259	 -672375.566774	 -2112.125961	 -683.909194	 -236.338263
 -5983470.581785	 -1948151.348510	 -674159.009359	 -2112.125961	 -683.909194	 -236.338263
 -5999319.797148	 -1953311.838821	 -675944.813797	 -2112.125961	 -683.909194	 -236.338263
 -6015189.973390	 -1958479.154191	 -677732.980086	 -2112.125961	 -683.909194	 -236.338263
 -6031081.110508	 -1963653.294619	 -679523.508227	 -2112.125961	 -683.909194	 -236.338263
 -6046993.208499	 -1968834.260104	 -681316.398218	 -2112.125961	 -683.909194	 -236.338263
 -6062926.267361	 -1974022.050645	 -683111.650061	 -2112.125961	 -683.909194	 -236.338263
 -6078880.287089	 -1979216.666242	 -684909.263754	 -2112.125961	 -683.909194	 -236.338263
 -6094855.267681	 -1984418.106892	 -686709.239297	 -2112.125961	 -683.909194	 -236.338263
 -6110851.209135	 -1989626.372596	 -688511.576690	 -2112.125961	 -683.909194	 -236.338263
 -6126868.111447	 -1994841.463352	 -690316.275932	 -2112.125961	 -683.909194	 -236.338263
 -6142905.974615	 -2000063.379160	 -692123.337023	 -2112.125961	 -683.909194	 -236.338263
 -6158964.798635	 -2005292.120017	 -693932.759963	 -2112.125961	 -683.909194	 -236.338263
 -6175044.583504	 -2010527.685925	 -695744.544752	 -2112.125961	 -683.909194	 -236.338263
 -6191145.329221	 -2015770.076880	 -697558.691389	 -2112.125961	 -683.909194	 -236.338263
 -6207267.035781	 -2021019.292884	 -699375.199873	 -2112.125961	 -683.909194	 -236.338263
 -6223409.703182	 -2026275.333934	 -701194.070205	 -2112.125961	 -683.909194	 -236.338263
 -6239573.331422	 -2031538.200029	 -703015.302385	 -2112.125961	 -683.909194	 -236.338263
 -6255757.920497	 -2036807.891170	 -704838.896411	 -2112.125961	 -683.909194	 -236.338263
 -6271963.470404	 -2042084.407354	 -706664.852283	 -2112.125961	 -683.909194	 -236.338263
 -6288189.981141	 -2047367.748582	 -708493.170002	 -2112.125961	 -683.909194	 -236.338263
 -6304437.452704	 -2052657.914851	 -710323.849567	 -2112.125961	 -683.909194	 -236.338263
 -6320705.885092	 -2057954.906161	 -712156.890977	 -2112.125961	 -683.909194	 -236.338263
 -6336995.278301	 -2063258.722512	 -713992.294233	 -2112.125961	 -683.909194	 -236.338263
 -6353305.632328	 -2068569.363902	 -715830.059333	 -2112.125961	 -683.909194	 -236.338263
 -6369636.947171	 -2073886.830330	 -717670.186278	 -2112.125961	 -683.909194	 -236.338263
 -6385989.222826	 -2079211.121796	 -719512.675068	 -2112.125961	 -683.909194	 -236.338263
 -6402362.459291	 -2084542.238298	 -721357.525701	 -2112.125961	 -683.909194	 -236.338263
 -6418756.656564	 -2089880.179836	 -723204.738178	 -2112.125961	 -683.909194	 -236.338263
 -6435171.814641	 -2095224.946408	 -725054.312498	 -2112.125961	 -683.909194	 -236.338263
 -6451607.933520	 -2100576.538015	 -726906.248662	 -2112.125961	 -683.909194	 -236.338263
 -6468065.013197	 -2105934.954654	 -728760.546668	 -2112.125961	 -683.909194	 -236.338263
 -6484543.053671	 -2111300.196325	 -730617.206517	 -2112.125961	 -683.909194	 -236.338263
 -6501042.054938	 -2116672.263028	 -732476.228208	 -2112.125961	 -683.909194	 -236.338263
 -6517562.016995	 -2122051.154760	 -734337.611740	 -2112.125961	 -683.909194	 -236.338263
 -6534102.939841	 -2127436.871522	 -736201.357114	 -2112.125961	 -683.909194	 -236.338263
 -6550664.823472	 -2132829.413313	 -738067.464329	 -2112.125961	 -683.909194	 -236.338263
 -6567247.667885	 -2138228.780131	 -739935.933386	 -2112.125961	 -683.909194	 -236.338263
 -6583851.473078	 -2143634.971976	 -741806.764282	 -2112.125961	 -683.909194	 -236.338263
 -6600476.239048	 -2149047.988846	 -743679.957019	 -2112.125961	 -683.909194	 -236.338263
 -6617121.965793	 -2154467.830742	 -745555.511597	 -2112.125961	 -683.909194	 -236.338263
 -6633788.653309	 -2159894.497662	 -747433.428013	 -2112.125961	 -683.909194	 -236.338263
 -6650476.301594	 -2165327.989605	 -749313.706269	 -2112.125961	 -683.909194	 -236.338263
 -6667184.910645	 -2170768.306570	 -751196.346364	 -2112.125961	 -683.909194	 -236.338263
 -6683914.480460	 -2176215.448556	 -753081.348298	 -2112.125961	 -683.909194	 -236.338263
 -6700665.011036	 -2181669.415564	 -754968.712071	 -2112.125961	 -683.909194	 -236.338263
 -6717436.502371	 -2187130.207591	 -756858.437681	 -2112.125961	 -683.909194	 -236.338263
 -6734228.954461	 -2192597.824636	 -758750.525130	 -2112.125961	 -683.909194	 -236.338263
 -6751042.367304	 -2198072.266700	 -760644.974416	 -2112.125961	 -683.909194	 -236.338263
 -6767876.740898	 -2203553.533781	 -762541.785539	 -2112.125961	 -683.909194	 -236.338263
 -6784732.075239	 -2209041.625878	 -764440.958499	 -2112.125961	 -683.909194	 -236.338263
 -6801608.370325	 -2214536.542991	 -766342.493296	 -2112.125961	 -683.909194	 -236.338263
 -6818505.626154	 -2220038.285118	 -768246.389930	 -2112.125961	 -683.909194	 -236.338263
 -6835423.842723	 -2225546.852259	 -770152.648399	 -2112.125961	 -683.909194	 -236.338263
 -6852363.020029	 -2231062.244413	 -772061.268705	 -2112.125961	 -683.909194	 -236.338263
 -6869323.158070	 -2236584.461579	 -773972.250845	 -2112.125961	 -683.909194	 -236.338263
 -6886304.256843	 -2242113.503756	 -775885.594821	 -2112.125961	 -683.909194	 -236.338263
 -6903306.316346	 -2247649.370944	 -777801.300632	 -2112.125961	 -683.909194	 -236.338263
 -6920329.336576	 -2253192.063141	 -779719.368278	 -2112.125961	 -683.909194	 -236.338263
 -6937373.317530	 -2258741.580346	 -781639.797758	 -2112.125961	 -683.909194	 -236.338263
 -6954438.259205	 -2264297.922560	 -783562.589072	 -2112.125961	 -683.909194	 -236.338263
 -6971524.161600	 -2269861.089780	 -785487.742220	 -2112.125961	 -683.909194	 -236.338263
 -6988631.024712	 -2275431.082007	 -787415.257201	 -2112.125961	 -683.909194	 -236.338263
 -7005758.848538	 -2281007.899239	 -789345.134015	 -2112.125961	 -683.909194	 -236.338263
 -7022907.633076	 -2286591.541475	 -791277.372663	 -2112.125961	 -683.909194	 -236.338263
 -7040077.378322	 -2292182.008715	 -793211.973143	 -2112.125961	 -683.909194	 -236.338263
 -7057268.084276	 -2297779.300959	 -795148.935455	 -2112.125961	 -683.909194	 -236.338263
 -7074479.750933	 -2303383.418204	 -797088.259599	 -2112.125961	 -683.909194	 -236.338263
 -7091712.378292	 -2308994.360450	 -799029.945575	 -2112.125961	 -683.909194	 -236.338263
 -7108965.966350	 -2314612.127697	 -800973.993383	 -2112.125961	 -683.909194	 -236.338263
 -7126240.515104	 -2320236.719943	 -802920.403022	 -2112.125961	 -683.909194	 -236.338263
 -7143536.024553	 -2325868.137188	 -804869.174492	 -2112.125961	 -683.909194	 -236.338263
 -7160852.494693	 -2331506.379431	 -806820.307792	 -2112.125961	 -683.909194	 -236.338263
 -7178189.925522	 -2337151.446672	 -808773.802923	 -2112.125961	 -683.909194	 -236.338263
 -7195548.317037	 -2342803.338908	 -810729.659884	 -2112.125961	 -683.909194	 -236.338263
 -7212927.669237	 -2348462.056141	 -812687.878675	 -2112.125961	 -683.909194	 -236.338263
 -7230327.982118	 -2354127.598368	 -814648.459295	 -2112.125961	 -683.909194	 -236.338263
 -7247749.255679	 -2359799.965589	 -816611.401744	 -2112.125961	 -683.909194	 -236.338263
 -7265191.489916	 -2365479.157803	 -818576.706023	 -2112.125961	 -683.909194	 -236.338263
 -7282654.684827	 -2371165.175009	 -820544.372130	 -2112.125961	 -683.909194	 -236.338263
 -7300138.840411	 -2376858.017207	 -822514.400065	 -2112.125961	 -683.909194	 -236.338263
 -7317643.956663	 -2382557.684396	 -824486.789829	 -2112.125961	 -683.909194	 -236.338263
 -7335170.033583	 -2388264.176574	 -826461.541421	 -2112.125961	 -683.909194	 -236.338263
 -7352717.071167	 -2393977.493742	 -828438.654840	 -2112.125961	 -683.909194	 -236.338263
 -7370285.069414	 -2399697.635899	 -830418.130087	 -2112.125961	 -683.909194	 -236.338263
 -7387874.028320	 -2405424.603043	 -832399.967160	 -2112.125961	 -683.909194	 -236.338263
 -7405483.947883	 -2411158.395173	 -834384.166061	 -2112.125961	 -683.909194	 -236.338263
 -7423114.828101	 -2416899.012290	 -836370.726787	 -2112.125961	 -683.909194	 -236.338263
 -7440766.668972	 -2422646.454392	 -838359.649341	 -2112.125961	 -683.909194	 -236.338263
 -7458439.470492	 -2428400.721479	 -840350.933720	 -2112.125961	 -683.909194	 -236.338263
 -7476133.232661	 -2434161.813549	 -842344.579925	 -2112.125961	 -683.909194	 -236.338263
 -7493847.955475	 -2439929.730602	 -844340.587955	 -2112.125961	 -683.909194	 -236.338263
 -7511583.638931	 -2445704.472637	 -846338.957810	 -2112.125961	 -683.909194	 -236.338263
 -7529340.283029	 -2451486.039654	 -848339.689491	 -2112.125961	 -683.909194	 -236.338263
 -7547117.887764	 -2457274.431651	 -850342.782996	 -2112.125961	 -683.909194	 -236.338263
 -7564916.453135	 -2463069.648628	 -852348.238325	 -2112.125961	 -683.909194	 -236.338263
 -7582735.979140	 -2468871.690585	 -854356.055479	 -2112.125961	 -683.909194	 -236.338263
 -7600576.465777	 -2474680.557519	 -856366.234456	 -2112.125961	 -683.909194	 -236.338263
 -7618437.913041	 -2480496.249431	 -858378.775257	 -2112.125961	 -683.909194	 -236.338263
 -7636320.320933	 -2486318.766320	 -860393.677881	 -2112.125961	 -683.909194	 -236.338263
 -7654223.689448	 -2492148.108185	 -862410.942328	 -2112.125961	 -683.909194	 -236.338263
 -7672148.018586	 -2497984.275025	 -864430.568599	 -2112.125961	 -683.909194	 -236.338263
 -7690093.308343	 -2503827.266840	 -866452.556691	 -2112.125961	 -683.909194	 -236.338263
 -7708059.558717	 -2509677.083629	 -868476.906606	 -2112.125961	 -683.909194	 -236.338263
 -7726046.769706	 -2515533.725390	 -870503.618343	 -2112.125961	 -683.909194	 -236.338263
 -7744054.941308	 -2521397.192124	 -872532.691902	 -2112.125961	 -683.909194	 -236.338263
 -7762084.073520	 -2527267.483829	 -874564.127282	 -2112.125961	 -683.909194	 -236.338263
 -7780134.166340	 -2533144.600505	 -876597.924483	 -2112.125961	 -683.909194	 -236.338263
 -7798205.219765	 -2539028.542152	 -878634.083506	 -2112.125961	 -683.909194	 -236.338263
 -7816297.233794	 -2544919.308767	 -880672.604349	 -2112.125961	 -683.909194	 -236.338263
 -7834410.208425	 -2550816.900351	 -882713.487012	 -2112.125961	 -683.909194	 -236.338263
 -7852544.143654	 -2556721.316903	 -884756.731496	 -2112.125961	 -683.909194	 -236.338263
 -7870699.039480	 -2562632.558422	 -886802.337800	 -2112.125961	 -683.909194	 -236.338263
 -7888874.895900	 -2568550.624907	 -888850.305923	 -2112.125961	 -683.909194	 -236.338263
 -7907071.712912	 -2574475.516358	 -890900.635866	 -2112.125961	 -683.909194	 -236.338263
 -7925289.490514	 -2580407.232774	 -892953.327628	 -2112.125961	 -683.909194	 -236.338263
 -7943528.228704	 -2586345.774153	 -895008.381209	 -2112.125961	 -683.909194	 -236.338263
 -7961787.927479	 -2592291.140497	 -897065.796609	 -2112.125961	 -683.909194	 -236.338263
 -7980068.586837	 -2598243.331803	 -899125.573827	 -2112.125961	 -683.909194	 -236.338263
 -7998370.206776	 -2604202.348070	 -901187.712863	 -2112.125961	 -683.909194	 -236.338263
 -8016692.787294	 -2610168.189300	 -903252.213717	 -2112.125961	 -683.909194	 -236.338263
 -8035036.328389	 -2616140.855489	 -905319.076389	 -2112.125961	 -683.909194	 -236.338263
 -8053400.830057	 -2622120.346639	 -907388.300878	 -2112.125961	 -683.909194	 -236.338263
 -8071786.292298	 -2628106.662747	 -909459.887185	 -2112.125961	 -683.909194	 -236.338263
 -8090192.715109	 -2634099.803814	 -911533.835308	 -2112.125961	 -683.909194	 -236.338263
 -8108620.098487	 -2640099.769838	 -913610.145249	 -2112.125961	 -683.909194	 -236.338263
 -8127068.442430	 -2646106.560820	 -915688.817005	 -2112.125961	 -683.909194	 -236.338263
 -8145537.746937	 -2652120.176757	 -917769.850578	 -2112.125961	 -683.909194	 -236.338263
 -8164028.012005	 -2658140.617651	 -919853.245967	 -2112.125961	 -683.909194	 -236.338263
 -8182539.237632	 -2664167.883498	 -921939.003171	 -2112.125961	 -683.909194	 -236.338263
 -8201071.423816	 -2670201.974300	 -924027.122191	 -2112.125961	 -683.909194	 -236.338263
 -8219624.570554	 -2676242.890056	 -926117.603026	 -2112.125961	 -683.909194	 -236.338263
 -8238198.677844	 -2682290.630764	 -928210.445676	 -2112.125961	 -683.909194	 -236.338263
 -8256793.745685	 -2688345.196424	 -930305.650141	 -2112.125961	 -683.909194	 -236.338263
 -8275409.774074	 -2694406.587035	 -932403.216420	 -2112.125961	 -683.909194	 -236.338263
 -8294046.763009	 -2700474.802597	 -934503.144514	 -2112.125961	 -683.909194	 -236.338263
 -8312704.712487	 -2706549.843109	 -936605.434421	 -2112.125961	 -683.909194	 -236.338263
 -8331383.622507	 -2712631.708569	 -938710.086143	 -2112.125961	 -683.909194	 -236.338263
 -8350083.493067	 -2718720.398979	 -940817.099677	 -2112.125961	 -683.909194	 -236.338263
 -8368804.324164	 -2724815.914336	 -942926.475025	 -2112.125961	 -683.909194	 -236.338263
 -8387546.115797	 -2730918.254640	 -945038.212187	 -2112.125961	 -683.909194	 -236.338263
 -8406308.867962	 -2737027.419891	 -947152.311160	 -2112.125961	 -683.909194	 -236.338263
 -8425092.580659	 -2743143.410087	 -949268.771947	 -2112.125961	 -683.909194	 -236.338263
 -8443897.253884	 -2749266.225228	 -951387.594546	 -2112.125961	 -683.909194	 -236.338263
 -8462722.887636	 -2755395.865314	 -953508.778957	 -2112.125961	 -683.909194	 -236.338263
 -8481569.481913	 -2761532.330344	 -955632.325179	 -2112.125961	 -683.909194	 -236.338263
 -8500437.036713	 -2767675.620316	 -957758.233214	 -2112.125961	 -683.909194	 -236.338263
 -8519325.552033	 -2773825.735230	 -959886.503059	 -2112.125961	 -683.909194	 -236.338263
 -8538235.027872	 -2779982.675087	 -962017.134716	 -2112.125961	 -683.909194	 -236.338263
 -8557165.464226	 -2786146.439884	 -964150.128184	 -2112.125961	 -683.909194	 -236.338263
 -8576116.861095	 -2792317.029621	 -966285.483462	 -2112.125961	 -683.909194	 -236.338263
 -8595089.218477	 -2798494.444298	 -968423.200551	 -2112.125961	 -683.909194	 -236.338263
 -8614082.536368	 -2804678.683914	 -970563.279450	 -2112.125961	 -683.909194	 -236.338263
 -8633096.814768	 -2810869.748468	 -972705.720159	 -2112.125961	 -683.909194	 -236.338263
 -8652132.053673	 -2817067.637960	 -974850.522678	 -2112.125961	 -683.909194	 -236.338263
 -8671188.253083	 -2823272.352389	 -976997.687007	 -2112.125961	 -683.909194	 -236.338263
 -8690265.412994	 -2829483.891753	 -979147.213144	 -2112.125961	 -683.909194	 -236.338263
 -8709363.533405	 -2835702.256054	 -981299.101091	 -2112.125961	 -683.909194	 -236.338263
 -8728482.614314	 -2841927.445289	 -983453.350846	 -2112.125961	 -683.909194	 -236.338263
 -8747622.655719	 -2848159.459458	 -985609.962410	 -2112.125961	 -683.909194	 -236.338263
 -8766783.657617	 -2854398.298562	 -987768.935783	 -2112.125961	 -683.909194	 -236.338263
 -8785965.620007	 -2860643.962598	 -989930.270963	 -2112.125961	 -683.909194	 -236.338263
 -8805168.542887	 -2866896.451566	 -992093.967952	 -2112.125961	 -683.909194	 -236.338263
 -8824392.426254	 -2873155.765466	 -994260.026748	 -2112.125961	 -683.909194	 -236.338263
 -8843637.270108	 -2879421.904296	 -996428.447351	 -2112.125961	 -683.909194	 -236.338263
 -8862903.074444	 -2885694.868057	 -998599.229762	 -2112.125961	 -683.909194	 -236.338263
 -8882189.839263	 -2891974.656748	 -1000772.373980	 -2112.125961	 -683.909194	 -236.338263
 -8901497.564561	 -2898261.270368	 -1002947.880004	 -2112.125961	 -683.909194	 -236.338263
 -8920826.250336	 -2904554.708916	 -1005125.747836	 -2112.125961	 -683.909194	 -236.338263
 -8940175.896588	 -2910854.972391	 -1007305.977473	 -2112.125961	 -683.909194	 -236.338263
 -8959546.503312	 -2917162.060794	 -1009488.568916	 -2112.125961	 -683.909194	 -236.338263
 -8978938.070509	 -2923475.974123	 -1011673.522166	 -2112.125961	 -683.909194	 -236.338263
 -8998350.598175	 -2929796.712378	 -1013860.837221	 -2112.125961	 -683.909194	 -236.338263
 -9017784.086309	 -2936124.275558	 -1016050.514081	 -2112.125961	 -683.909194	 -236.338263
 -9037238.534909	 -2942458.663662	 -1018242.552747	 -2112.125961	 -683.909194	 -236.338263
 -9056713.943972	 -2948799.876690	 -1020436.953218	 -2112.125961	 -683.909194	 -236.338263
 -9076210.313497	 -2955147.914641	 -1022633.715493	 -2112.125961	 -683.909194	 -236.338263
 -9095727.643482	 -2961502.777515	 -1024832.839573	 -2112.125961	 -683.909194	 -236.338263
 -9115265.933925	 -2967864.465311	 -1027034.325457	 -2112.125961	 -683.909194	 -236.338263
 -9134825.184824	 -2974232.978028	 -1029238.173146	 -2112.125961	 -683.909194	 -236.338263
 -9154405.396177	 -2980608.315666	 -1031444.382638	 -2112.125961	 -683.909194	 -236.338263
 -9174006.567982	 -2986990.478223	 -1033652.953934	 -2112.125961	 -683.909194	 -236.338263
 -9193628.700237	 -2993379.465700	 -1035863.887033	 -2112.125961	 -683.909194	 -236.338263
 -9213271.792940	 -2999775.278096	 -1038077.181936	 -2112.125961	 -683.909194	 -236.338263
 -9232935.846090	 -3006177.915410	 -1040292.838641	 -2112.125961	 -683.909194	 -236.338263
 -9252620.859683	 -3012587.377641	 -1042510.857150	 -2112.125961	 -683.909194	 -236.338263
 -9272326.833719	 -3019003.664789	 -1044731.237461	 -2112.125961	 -683.909194	 -236.338263
 -9292053.768196	 -3025426.776854	 -1046953.979574	 -2112.125961	 -683.909194	 -236.338263
 -9311801.663111	 -3031856.713834	 -1049179.083489	 -2112.125961	 -683.909194	 -236.338263
 -9331570.518463	 -3038293.475729	 -1051406.549207	 -2112.125961	 -683.909194	 -236.338263
 -9351360.334249	 -3044737.062538	 -1053636.376726	 -2112.125961	 -683.909194	 -236.338263
 -9371171.110469	 -3051187.474261	 -1055868.566046	 -2112.125961	 -683.909194	 -236.338263
 -9391002.847119	 -3057644.710897	 -1058103.117168	 -2112.125961	 -683.909194	 -236.338263
 -9410855.544199	 -3064108.772446	 -1060340.030091	 -2112.125961	 -683.909194	 -236.338263
 -9430729.201705	 -3070579.658907	 -1062579.304815	 -2112.125961	 -683.909194	 -236.338263
 -9450623.819637	 -3077057.370279	 -1064820.941339	 -2112.125961	 -683.909194	 -236.338263
 -9470539.397992	 -3083541.906561	 -1067064.939664	 -2112.125961	 -683.909194	 -236.338263
 -9490475.936769	 -3090033.267754	 -1069311.299789	 -2112.125961	 -683.909194	 -236.338263
 -9510433.435965	 -3096531.453856	 -1071560.021715	 -2112.125961	 -683.909194	 -236.338263
 -9530411.895579	 -3103036.464867	 -1073811.105439	 -2112.125961	 -683.909194	 -236.338263
 -9550411.315610	 -3109548.300786	 -1076064.550964	 -2112.125961	 -683.909194	 -236.338263
 -9570431.696054	 -3116066.961613	 -1078320.358288	 -2112.125961	 -683.909194	 -236.338263
 -9590473.036910	 -3122592.447347	 -1080578.527411	 -2112.125961	 -683.909194	 -236.338263
 -9610535.338177	 -3129124.757987	 -1082839.058333	 -2112.125961	 -683.909194	 -236.338263
 -9630618.599852	 -3135663.893533	 -1085101.951054	 -2112.125961	 -683.909194	 -236.338263
 -9650722.821934	 -3142209.853984	 -1087367.205573	 -2112.125961	 -683.909194	 -236.338263
 -9670848.004420	 -3148762.639340	 -1089634.821891	 -2112.125961	 -683.909194	 -236.338263
 -9690994.147310	 -3155322.249600	 -1091904.800007	 -2112.125961	 -683.909194	 -236.338263
 -9711161.250600	 -3161888.684763	 -1094177.139920	 -2112.125961	 -683.909194	 -236.338263
 -9731349.314290	 -3168461.944829	 -1096451.841632	 -2112.125961	 -683.909194	 -236.338263
 -9751558.338378	 -3175042.029798	 -1098728.905141	 -2112.125961	 -683.909194	 -236.338263
 -9771788.322861	 -3181628.939668	 -1101008.330447	 -2112.125961	 -683.909194	 -236.338263
 -9792039.267738	 -3188222.674439	 -1103290.117550	 -2112.125961	 -683.909194	 -236.338263
 -9812311.173007	 -3194823.234110	 -1105574.266451	 -2112.125961	 -683.909194	 -236.338263
 -9832604.038666	 -3201430.618681	 -1107860.777147	 -2112.125961	 -683.909194	 -236.338263
 -9852917.864713	 -3208044.828152	 -1110149.649641	 -2112.125961	 -683.909194	 -236.338263
 -9873252.651147	 -3214665.862521	 -1112440.883931	 -2112.125961	 -683.909194	 -236.338263
 -9893608.397966	 -3221293.721789	 -1114734.480016	 -2112.125961	 -683.909194	 -236.338263
 -9913985.105168	 -3227928.405953	 -1117030.437898	 -2112.125961	 -683.909194	 -236.338263
 -9934382.772751	 -3234569.915015	 -1119328.757576	 -2112.125961	 -683.909194	 -236.338263
 -9954801.400713	 -3241218.248973	 -1121629.439048	 -2112.125961	 -683.909194	 -236.338263
 -9975240.989053	 -3247873.407827	 -1123932.482316	 -2112.125961	 -683.909194	 -236.338263
 -9995701.537769	 -3254535.391576	 -1126237.887380	 -2112.125961	 -683.909194	 -236.338263
 -10016183.046859	 -3261204.200220	 -1128545.654238	 -2112.125961	 -683.909194	 -236.338263
 -10036685.516321	 -3267879.833758	 -1130855.782891	 -2112.125961	 -683.909194	 -236.338263
 -10057208.946154	 -3274562.292189	 -1133168.273338	 -2112.125961	 -683.909194	 -236.338263
 -10077753.336356	 -3281251.575513	 -1135483.125579	 -2112.125961	 -683.909194	 -236.338263
 -10098318.686924	 -3287947.683729	 -1137800.339615	 -2112.125961	 -683.909194	 -236.338263
 -10118904.997858	 -3294650.616837	 -1140119.915444	 -2112.125961	 -683.909194	 -236.338263
 -10139512.269155	 -3301360.374837	 -1142441.853067	 -2112.125961	 -683.909194	 -236.338263
 -10160140.500814	 -3308076.957726	 -1144766.152484	 -2112.125961	 -683.909194	 -236.338263
 -10180789.692833	 -3314800.365506	 -1147092.813694	 -2112.125961	 -683.909194	 -236.338263
 -10201459.845210	 -3321530.598176	 -1149421.836697	 -2112.125961	 -683.909194	 -236.338263
 -10222150.957943	 -3328267.655734	 -1151753.221493	 -2112.125961	 -683.909194	 -236.338263
 -10242863.031031	 -3335011.538180	 -1154086.968081	 -2112.125961	 -683.909194	 -236.338263
 -10263596.064472	 -3341762.245514	 -1156423.076463	 -2112.125961	 -683.909194	 -236.338263
 -10284350.058265	 -3348519.777736	 -1158761.546636	 -2112.125961	 -683.909194	 -236.338263
 -10305125.012407	 -3355284.134844	 -1161102.378601	 -2112.125961	 -683.909194	 -236.338263
 -10325920.926897	 -3362055.316838	 -1163445.572359	 -2112.125961	 -683.909194	 -236.338263
 -10346737.801733	 -3368833.323717	 -1165791.127908	 -2112.125961	 -683.909194	 -236.338263
 -10367575.636913	 -3375618.155482	 -1168139.045249	 -2112.125961	 -683.909194	 -236.338263
 -10388434.432436	 -3382409.812131	 -1170489.324381	 -2112.125961	 -683.909194	 -236.338263
 -10409314.188300	 -3389208.293663	 -1172841.965304	 -2112.125961	 -683.909194	 -236.338263
 -10430214.904503	 -3396013.600079	 -1175196.968018	 -2112.125961	 -683.909194	 -236.338263
 -10451136.581043	 -3402825.731378	 -1177554.332523	 -2112.125961	 -683.909194	 -236.338263
 -10472079.217920	 -3409644.687559	 -1179914.058818	 -2112.125961	 -683.909194	 -236.338263
